"Station Name","BLACKIE AGCM"
"Province","ALBERTA"
"Latitude","50.55"
"Longitude","-113.64"
"Elevation","1019.00"
"Climate Identifier","3030690"
"WMO Identifier",""
"TC Identifier","PXC"
"All times are specified in Local Standard Time (LST). Add 1 hour to adjust for Daylight Saving Time where and when it is observed."

"Legend"
"E","Estimated"
"M","Missing"
"NA","Not Available"

"Date/Time","Year","Month","Day","Time","Temp (°C)","Temp Flag","Dew Point Temp (°C)","Dew Point Temp Flag","Rel Hum (%)","Rel Hum Flag","Wind Dir (10s deg)","Wind Dir Flag","Wind Spd (km/h)","Wind Spd Flag","Visibility (km)","Visibility Flag","Stn Press (kPa)","Stn Press Flag","Hmdx","Hmdx Flag","Wind Chill","Wind Chill Flag","Weather"
"2017-12-01 00:00","2017","12","01","00:00","-5.5","","-8.1","","82","","","M","5","","","","","M","","","-8","","NA"
"2017-12-01 01:00","2017","12","01","01:00","-3.9","","-7.6","","75","","","M","16","","","","","M","","","-9","","NA"
"2017-12-01 02:00","2017","12","01","02:00","-2.4","","-7.0","","70","","","M","8","","","","","M","","","-6","","NA"
"2017-12-01 03:00","2017","12","01","03:00","-2.5","","-6.6","","74","","","M","13","","","","","M","","","-7","","NA"
"2017-12-01 04:00","2017","12","01","04:00","-3.8","","-7.4","","76","","","M","12","","","","","M","","","-8","","NA"
"2017-12-01 05:00","2017","12","01","05:00","-1.7","","-7.7","","63","","","M","9","","","","","M","","","-5","","NA"
"2017-12-01 06:00","2017","12","01","06:00","-3.4","","-8.1","","70","","","M","10","","","","","M","","","-7","","NA"
"2017-12-01 07:00","2017","12","01","07:00","-0.4","","-8.2","","56","","","M","9","","","","","M","","","-4","","NA"
"2017-12-01 08:00","2017","12","01","08:00","-1.7","","-8.3","","61","","","M","14","","","","","M","","","-6","","NA"
"2017-12-01 09:00","2017","12","01","09:00","-0.6","","-8.2","","57","","","M","13","","","","","M","","","-5","","NA"
"2017-12-01 10:00","2017","12","01","10:00","2.2","","-7.9","","47","","","M","10","","","","","M","","","","","NA"
"2017-12-01 11:00","2017","12","01","11:00","4.6","","-9.4","","35","","","M","20","","","","","M","","","","","NA"
"2017-12-01 12:00","2017","12","01","12:00","6.3","","-10.2","","30","","","M","24","","","","","M","","","","","NA"
"2017-12-01 13:00","2017","12","01","13:00","6.9","","-10.9","","27","","","M","18","","","","","M","","","","","NA"
"2017-12-01 14:00","2017","12","01","14:00","7.4","","-11.1","","25","","","M","22","","","","","M","","","","","NA"
"2017-12-01 15:00","2017","12","01","15:00","5.2","","-10.3","","32","","","M","21","","","","","M","","","","","NA"
"2017-12-01 16:00","2017","12","01","16:00","4.7","","-10.1","","33","","","M","27","","","","","M","","","","","NA"
"2017-12-01 17:00","2017","12","01","17:00","0.3","","-8.8","","51","","","M","12","","","","","M","","","","","NA"
"2017-12-01 18:00","2017","12","01","18:00","-0.7","","-8.9","","54","","","M","13","","","","","M","","","-5","","NA"
"2017-12-01 19:00","2017","12","01","19:00","0.1","","-9.0","","50","","","M","15","","","","","M","","","","","NA"
"2017-12-01 20:00","2017","12","01","20:00","-0.2","","-9.1","","51","","","M","5","","","","","M","","","-2","","NA"
"2017-12-01 21:00","2017","12","01","21:00","-2.5","","-9.2","","60","","","M","7","","","","","M","","","-5","","NA"
"2017-12-01 22:00","2017","12","01","22:00","1.0","","-9.3","","46","","","M","6","","","","","M","","","","","NA"
"2017-12-01 23:00","2017","12","01","23:00","2.3","","-9.4","","42","","","M","15","","","","","M","","","","","NA"
"2017-12-02 00:00","2017","12","02","00:00","-3.7","","-8.7","","68","","","M","18","","","","","M","","","-10","","NA"
"2017-12-02 01:00","2017","12","02","01:00","-2.2","","-8.2","","63","","","M","8","","","","","M","","","-5","","NA"
"2017-12-02 02:00","2017","12","02","02:00","-4.1","","-8.2","","73","","","M","3","","","","","M","","","-5","","NA"
"2017-12-02 03:00","2017","12","02","03:00","-3.4","","-8.7","","67","","","M","8","","","","","M","","","-7","","NA"
"2017-12-02 04:00","2017","12","02","04:00","-1.9","","-8.3","","61","","","M","5","","","","","M","","","-4","","NA"
"2017-12-02 05:00","2017","12","02","05:00","-3.8","","-8.2","","72","","","M","14","","","","","M","","","-9","","NA"
"2017-12-02 06:00","2017","12","02","06:00","-4.6","","-9.0","","71","","","M","13","","","","","M","","","-10","","NA"
"2017-12-02 07:00","2017","12","02","07:00","-3.8","","-8.3","","71","","","M","6","","","","","M","","","-6","","NA"
"2017-12-02 08:00","2017","12","02","08:00","-2.2","","-6.8","","71","","","M","6","","","","","M","","","-5","","NA"
"2017-12-02 09:00","2017","12","02","09:00","-3.0","","-6.9","","74","","","M","4","","","","","M","","","-5","","NA"
"2017-12-02 10:00","2017","12","02","10:00","1.6","","-4.1","","66","","","M","11","","","","","M","","","","","NA"
"2017-12-02 11:00","2017","12","02","11:00","4.3","","-6.6","","45","","","M","12","","","","","M","","","","","NA"
"2017-12-02 12:00","2017","12","02","12:00","5.8","","-10.4","","30","","","M","16","","","","","M","","","","","NA"
"2017-12-02 13:00","2017","12","02","13:00","6.2","","-12.1","","26","","","M","29","","","","","M","","","","","NA"
"2017-12-02 14:00","2017","12","02","14:00","5.9","","-12.5","","25","","","M","33","","","","","M","","","","","NA"
"2017-12-02 15:00","2017","12","02","15:00","5.3","","-11.5","","29","","","M","25","","","","","M","","","","","NA"
"2017-12-02 16:00","2017","12","02","16:00","1.3","","-7.4","","52","","","M","15","","","","","M","","","","","NA"
"2017-12-02 17:00","2017","12","02","17:00","-3.1","","-6.5","","77","","","M","15","","","","","M","","","-8","","NA"
"2017-12-02 18:00","2017","12","02","18:00","-5.7","","-7.0","","90","","","M","9","","","","","M","","","-10","","NA"
"2017-12-02 19:00","2017","12","02","19:00","-8.1","","-8.6","","96","","","M","7","","","","","M","","","-12","","NA"
"2017-12-02 20:00","2017","12","02","20:00","-7.1","","-7.6","","96","","","M","7","","","","","M","","","-11","","NA"
"2017-12-02 21:00","2017","12","02","21:00","-6.8","","-7.3","","97","","","M","9","","","","","M","","","-11","","NA"
"2017-12-02 22:00","2017","12","02","22:00","-7.4","","-7.9","","96","","","M","3","","","","","M","","","-9","","NA"
"2017-12-02 23:00","2017","12","02","23:00","-8.0","","-8.5","","97","","","M","3","","","","","M","","","-10","","NA"
"2017-12-03 00:00","2017","12","03","00:00","-7.6","","-7.9","","98","","","M","3","","","","","M","","","-9","","NA"
"2017-12-03 01:00","2017","12","03","01:00","-8.9","","-9.1","","98","","","M","4","","","","","M","","","-11","","NA"
"2017-12-03 02:00","2017","12","03","02:00","-9.1","","-9.3","","98","","","M","4","","","","","M","","","-11","","NA"
"2017-12-03 03:00","2017","12","03","03:00","-8.6","","-8.9","","98","","","M","5","","","","","M","","","-11","","NA"
"2017-12-03 04:00","2017","12","03","04:00","-8.9","","-9.3","","97","","","M","6","","","","","M","","","-12","","NA"
"2017-12-03 05:00","2017","12","03","05:00","-8.6","","-8.8","","98","","","M","5","","","","","M","","","-11","","NA"
"2017-12-03 06:00","2017","12","03","06:00","-7.4","","-7.8","","97","","","M","3","","","","","M","","","-9","","NA"
"2017-12-03 07:00","2017","12","03","07:00","-6.1","","-6.4","","98","","","M","7","","","","","M","","","-9","","NA"
"2017-12-03 08:00","2017","12","03","08:00","-5.4","","-5.5","","99","","","M","8","","","","","M","","","-9","","NA"
"2017-12-03 09:00","2017","12","03","09:00","-5.3","","-5.4","","99","","","M","8","","","","","M","","","-9","","NA"
"2017-12-03 10:00","2017","12","03","10:00","-5.5","","-5.7","","99","","","M","10","","","","","M","","","-10","","NA"
"2017-12-03 11:00","2017","12","03","11:00","-3.8","","-4.9","","92","","","M","9","","","","","M","","","-8","","NA"
"2017-12-03 12:00","2017","12","03","12:00","-3.1","","-5.9","","81","","","M","20","","","","","M","","","-9","","NA"
"2017-12-03 13:00","2017","12","03","13:00","-2.6","","-4.8","","85","","","M","30","","","","","M","","","-10","","NA"
"2017-12-03 14:00","2017","12","03","14:00","-4.3","","-6.9","","82","","","M","25","","","","","M","","","-11","","NA"
"2017-12-03 15:00","2017","12","03","15:00","-4.2","","-8.0","","75","","","M","20","","","","","M","","","-11","","NA"
"2017-12-03 16:00","2017","12","03","16:00","-5.0","","-7.9","","80","","","M","11","","","","","M","","","-10","","NA"
"2017-12-03 17:00","2017","12","03","17:00","-5.5","","-7.9","","83","","","M","11","","","","","M","","","-10","","NA"
"2017-12-03 18:00","2017","12","03","18:00","-5.8","","-8.2","","83","","","M","10","","","","","M","","","-10","","NA"
"2017-12-03 19:00","2017","12","03","19:00","-5.7","","-8.5","","81","","","M","11","","","","","M","","","-10","","NA"
"2017-12-03 20:00","2017","12","03","20:00","-5.8","","-8.7","","80","","","M","9","","","","","M","","","-10","","NA"
"2017-12-03 21:00","2017","12","03","21:00","-6.2","","-8.6","","83","","","M","5","","","","","M","","","-9","","NA"
"2017-12-03 22:00","2017","12","03","22:00","-6.9","","-8.5","","88","","","M","6","","","","","M","","","-10","","NA"
"2017-12-03 23:00","2017","12","03","23:00","-6.6","","-9.2","","82","","","M","5","","","","","M","","","-9","","NA"
"2017-12-04 00:00","2017","12","04","00:00","-8.5","","-10.0","","89","","","M","8","","","","","M","","","-13","","NA"
"2017-12-04 01:00","2017","12","04","01:00","-9.3","","-11.1","","87","","","M","7","","","","","M","","","-13","","NA"
"2017-12-04 02:00","2017","12","04","02:00","-10.1","","-12.1","","85","","","M","4","","","","","M","","","-12","","NA"
"2017-12-04 03:00","2017","12","04","03:00","-10.1","","-11.1","","92","","","M","4","","","","","M","","","-12","","NA"
"2017-12-04 04:00","2017","12","04","04:00","-9.5","","-11.6","","85","","","M","4","","","","","M","","","-12","","NA"
"2017-12-04 05:00","2017","12","04","05:00","-11.3","","-13.0","","87","","","M","9","","","","","M","","","-16","","NA"
"2017-12-04 06:00","2017","12","04","06:00","-12.3","","-13.4","","92","","","M","7","","","","","M","","","-17","","NA"
"2017-12-04 07:00","2017","12","04","07:00","-12.3","","-14.3","","86","","","M","10","","","","","M","","","-18","","NA"
"2017-12-04 08:00","2017","12","04","08:00","-12.6","","-14.7","","84","","","M","8","","","","","M","","","-18","","NA"
"2017-12-04 09:00","2017","12","04","09:00","-10.9","","-13.3","","82","","","M","5","","","","","M","","","-14","","NA"
"2017-12-04 10:00","2017","12","04","10:00","-6.1","","-9.9","","74","","","M","5","","","","","M","","","-9","","NA"
"2017-12-04 11:00","2017","12","04","11:00","-2.6","","-8.0","","66","","","M","5","","","","","M","","","-5","","NA"
"2017-12-04 12:00","2017","12","04","12:00","-0.5","","-9.0","","52","","","M","9","","","","","M","","","-4","","NA"
"2017-12-04 13:00","2017","12","04","13:00","0.8","","-10.9","","41","","","M","10","","","","","M","","","","","NA"
"2017-12-04 14:00","2017","12","04","14:00","1.2","","-11.8","","37","","","M","5","","","","","M","","","","","NA"
"2017-12-04 15:00","2017","12","04","15:00","1.3","","-11.8","","37","","","M","6","","","","","M","","","","","NA"
"2017-12-04 16:00","2017","12","04","16:00","-0.1","","-11.3","","42","","","M","8","","","","","M","","","-3","","NA"
"2017-12-04 17:00","2017","12","04","17:00","-3.2","","-11.5","","53","","","M","8","","","","","M","","","-6","","NA"
"2017-12-04 18:00","2017","12","04","18:00","-3.2","","-11.4","","53","","","M","10","","","","","M","","","-7","","NA"
"2017-12-04 19:00","2017","12","04","19:00","-4.0","","-10.2","","62","","","M","8","","","","","M","","","-7","","NA"
"2017-12-04 20:00","2017","12","04","20:00","-2.8","","-9.6","","60","","","M","7","","","","","M","","","-6","","NA"
"2017-12-04 21:00","2017","12","04","21:00","-1.1","","-9.0","","55","","","M","7","","","","","M","","","-4","","NA"
"2017-12-04 22:00","2017","12","04","22:00","-0.1","","-8.4","","54","","","M","9","","","","","M","","","-3","","NA"
"2017-12-04 23:00","2017","12","04","23:00","-0.8","","-8.2","","57","","","M","10","","","","","M","","","-4","","NA"
"2017-12-05 00:00","2017","12","05","00:00","-1.2","","-7.9","","60","","","M","14","","","","","M","","","-6","","NA"
"2017-12-05 01:00","2017","12","05","01:00","-0.1","","-8.0","","55","","","M","14","","","","","M","","","-4","","NA"
"2017-12-05 02:00","2017","12","05","02:00","-2.4","","-8.3","","64","","","M","12","","","","","M","","","-7","","NA"
"2017-12-05 03:00","2017","12","05","03:00","-2.4","","-8.6","","63","","","M","11","","","","","M","","","-6","","NA"
"2017-12-05 04:00","2017","12","05","04:00","-3.7","","-8.5","","69","","","M","10","","","","","M","","","-8","","NA"
"2017-12-05 05:00","2017","12","05","05:00","-1.6","","-9.7","","54","","","M","12","","","","","M","","","-6","","NA"
"2017-12-05 06:00","2017","12","05","06:00","-4.0","","-9.6","","65","","","M","14","","","","","M","","","-9","","NA"
"2017-12-05 07:00","2017","12","05","07:00","-5.4","","-9.9","","71","","","M","3","","","","","M","","","-7","","NA"
"2017-12-05 08:00","2017","12","05","08:00","-5.8","","-10.6","","69","","","M","4","","","","","M","","","-8","","NA"
"2017-12-05 09:00","2017","12","05","09:00","-5.0","","-10.4","","66","","","M","8","","","","","M","","","-9","","NA"
"2017-12-05 10:00","2017","12","05","10:00","-1.1","","-7.9","","60","","","M","6","","","","","M","","","-3","","NA"
"2017-12-05 11:00","2017","12","05","11:00","2.6","","-7.8","","46","","","M","8","","","","","M","","","","","NA"
"2017-12-05 12:00","2017","12","05","12:00","4.7","","-8.2","","38","","","M","27","","","","","M","","","","","NA"
"2017-12-05 13:00","2017","12","05","13:00","4.9","","-9.6","","34","","","M","34","","","","","M","","","","","NA"
"2017-12-05 14:00","2017","12","05","14:00","5.5","","-9.6","","33","","","M","20","","","","","M","","","","","NA"
"2017-12-05 15:00","2017","12","05","15:00","4.9","","-9.5","","34","","","M","14","","","","","M","","","","","NA"
"2017-12-05 16:00","2017","12","05","16:00","2.6","","-9.4","","41","","","M","10","","","","","M","","","","","NA"
"2017-12-05 17:00","2017","12","05","17:00","-1.1","","-9.7","","52","","","M","16","","","","","M","","","-6","","NA"
"2017-12-05 18:00","2017","12","05","18:00","-0.1","","-10.4","","46","","","M","14","","","","","M","","","-4","","NA"
"2017-12-05 19:00","2017","12","05","19:00","-4.9","","-11.0","","62","","","M","13","","","","","M","","","-10","","NA"
"2017-12-05 20:00","2017","12","05","20:00","-4.3","","-10.9","","60","","","M","14","","","","","M","","","-9","","NA"
"2017-12-05 21:00","2017","12","05","21:00","-6.9","","-11.0","","73","","","M","16","","","","","M","","","-13","","NA"
"2017-12-05 22:00","2017","12","05","22:00","-7.6","","-10.5","","80","","","M","17","","","","","M","","","-14","","NA"
"2017-12-05 23:00","2017","12","05","23:00","-7.7","","-10.7","","79","","","M","17","","","","","M","","","-14","","NA"
"2017-12-06 00:00","2017","12","06","00:00","-7.1","","-10.5","","77","","","M","19","","","","","M","","","-14","","NA"
"2017-12-06 01:00","2017","12","06","01:00","-4.9","","-10.0","","67","","","M","21","","","","","M","","","-12","","NA"
"2017-12-06 02:00","2017","12","06","02:00","-5.6","","-10.5","","68","","","M","18","","","","","M","","","-12","","NA"
"2017-12-06 03:00","2017","12","06","03:00","-7.7","","-11.5","","74","","","M","17","","","","","M","","","-14","","NA"
"2017-12-06 04:00","2017","12","06","04:00","-7.7","","-11.3","","75","","","M","16","","","","","M","","","-14","","NA"
"2017-12-06 05:00","2017","12","06","05:00","-7.4","","-11.2","","74","","","M","14","","","","","M","","","-13","","NA"
"2017-12-06 06:00","2017","12","06","06:00","-9.5","","-12.4","","80","","","M","13","","","","","M","","","-16","","NA"
"2017-12-06 07:00","2017","12","06","07:00","-8.6","","-12.0","","77","","","M","9","","","","","M","","","-13","","NA"
"2017-12-06 08:00","2017","12","06","08:00","-11.2","","-13.1","","86","","","M","4","","","","","M","","","-14","","NA"
"2017-12-06 09:00","2017","12","06","09:00","-8.2","","-11.4","","77","","","M","11","","","","","M","","","-13","","NA"
"2017-12-06 10:00","2017","12","06","10:00","-4.6","","-9.5","","68","","","M","7","","","","","M","","","-8","","NA"
"2017-12-06 11:00","2017","12","06","11:00","-0.9","","-7.6","","60","","","M","10","","","","","M","","","-4","","NA"
"2017-12-06 12:00","2017","12","06","12:00","2.7","","-8.4","","44","","","M","9","","","","","M","","","","","NA"
"2017-12-06 13:00","2017","12","06","13:00","4.9","","-8.5","","37","","","M","6","","","","","M","","","","","NA"
"2017-12-06 14:00","2017","12","06","14:00","6.0","","-9.3","","32","","","M","7","","","","","M","","","","","NA"
"2017-12-06 15:00","2017","12","06","15:00","5.8","","-9.0","","34","","","M","5","","","","","M","","","","","NA"
"2017-12-06 16:00","2017","12","06","16:00","2.9","","-8.1","","44","","","M","7","","","","","M","","","","","NA"
"2017-12-06 17:00","2017","12","06","17:00","0.9","","-8.5","","50","","","M","10","","","","","M","","","","","NA"
"2017-12-06 18:00","2017","12","06","18:00","0.2","","-8.8","","51","","","M","11","","","","","M","","","","","NA"
"2017-12-06 19:00","2017","12","06","19:00","-3.8","","-9.5","","64","","","M","8","","","","","M","","","-7","","NA"
"2017-12-06 20:00","2017","12","06","20:00","-5.6","","-9.6","","73","","","M","13","","","","","M","","","-11","","NA"
"2017-12-06 21:00","2017","12","06","21:00","-5.3","","-9.6","","72","","","M","18","","","","","M","","","-12","","NA"
"2017-12-06 22:00","2017","12","06","22:00","-3.5","","-9.0","","65","","","M","19","","","","","M","","","-9","","NA"
"2017-12-06 23:00","2017","12","06","23:00","-6.5","","-9.7","","78","","","M","12","","","","","M","","","-12","","NA"
"2017-12-07 00:00","2017","12","07","00:00"
"2017-12-07 01:00","2017","12","07","01:00","-5.4","","-8.8","","77","","","M","18","","","","","M","","","-12","","NA"
"2017-12-07 02:00","2017","12","07","02:00","-5.6","","-8.8","","78","","","M","14","","","","","M","","","-11","","NA"
"2017-12-07 03:00","2017","12","07","03:00","-3.9","","-8.0","","73","","","M","19","","","","","M","","","-10","","NA"
"2017-12-07 04:00","2017","12","07","04:00","-4.6","","-8.1","","77","","","M","18","","","","","M","","","-11","","NA"
"2017-12-07 05:00","2017","12","07","05:00","-5.5","","-8.4","","80","","","M","14","","","","","M","","","-11","","NA"
"2017-12-07 06:00","2017","12","07","06:00","-5.5","","-8.4","","80","","","M","15","","","","","M","","","-11","","NA"
"2017-12-07 07:00","2017","12","07","07:00","-4.0","","-7.7","","76","","","M","15","","","","","M","","","-9","","NA"
"2017-12-07 08:00","2017","12","07","08:00","-4.7","","-8.4","","76","","","M","14","","","","","M","","","-10","","NA"
"2017-12-07 09:00","2017","12","07","09:00","-3.8","","-7.6","","75","","","M","13","","","","","M","","","-9","","NA"
"2017-12-07 10:00","2017","12","07","10:00","-1.0","","-6.3","","68","","","M","15","","","","","M","","","-6","","NA"
"2017-12-07 11:00","2017","12","07","11:00","0.4","","-4.2","","71","","","M","4","","","","","M","","","","","NA"
"2017-12-07 12:00","2017","12","07","12:00","6.1","","-2.5","","54","","","M","11","","","","","M","","","","","NA"
"2017-12-07 13:00","2017","12","07","13:00","9.4","","-2.5","","43","","","M","7","","","","","M","","","","","NA"
"2017-12-07 14:00","2017","12","07","14:00","11.1","","-4.0","","34","","","M","7","","","","","M","","","","","NA"
"2017-12-07 15:00","2017","12","07","15:00","11.0","","-4.0","","35","","","M","6","","","","","M","","","","","NA"
"2017-12-07 16:00","2017","12","07","16:00","7.4","","-7.7","","33","","","M","10","","","","","M","","","","","NA"
"2017-12-07 17:00","2017","12","07","17:00","2.8","","-6.8","","49","","","M","3","","","","","M","","","","","NA"
"2017-12-07 18:00","2017","12","07","18:00","1.7","","-6.9","","53","","","M","2","","","","","M","","","","","NA"
"2017-12-07 19:00","2017","12","07","19:00","-2.0","","-6.5","","71","","","M","8","","","","","M","","","-5","","NA"
"2017-12-07 20:00","2017","12","07","20:00","-2.7","","-8.0","","67","","","M","9","","","","","M","","","-6","","NA"
"2017-12-07 21:00","2017","12","07","21:00","-2.2","","-8.6","","61","","","M","9","","","","","M","","","-6","","NA"
"2017-12-07 22:00","2017","12","07","22:00","-2.3","","-9.0","","60","","","M","12","","","","","M","","","-7","","NA"
"2017-12-07 23:00","2017","12","07","23:00","-3.0","","-9.6","","61","","","M","10","","","","","M","","","-7","","NA"
"2017-12-08 00:00","2017","12","08","00:00","-0.5","","-10.7","","46","","","M","10","","","","","M","","","-4","","NA"
"2017-12-08 01:00","2017","12","08","01:00","-1.8","","-11.0","","49","","","M","9","","","","","M","","","-5","","NA"
"2017-12-08 02:00","2017","12","08","02:00","-3.6","","-11.0","","56","","","M","12","","","","","M","","","-8","","NA"
"2017-12-08 03:00","2017","12","08","03:00","-3.7","","-11.6","","54","","","M","11","","","","","M","","","-8","","NA"
"2017-12-08 04:00","2017","12","08","04:00","-9.2","","-12.2","","79","","","M","12","","","","","M","","","-15","","NA"
"2017-12-08 05:00","2017","12","08","05:00","-6.4","","-12.0","","64","","","M","10","","","","","M","","","-11","","NA"
"2017-12-08 06:00","2017","12","08","06:00","-10.0","","-12.8","","80","","","M","7","","","","","M","","","-14","","NA"
"2017-12-08 07:00","2017","12","08","07:00","-8.3","","-12.1","","74","","","M","8","","","","","M","","","-12","","NA"
"2017-12-08 08:00","2017","12","08","08:00","-9.0","","-12.5","","76","","","M","3","","","","","M","","","-11","","NA"
"2017-12-08 09:00","2017","12","08","09:00","-8.7","","-11.8","","78","","","M","8","","","","","M","","","-13","","NA"
"2017-12-08 10:00","2017","12","08","10:00","-4.0","","-9.0","","68","","","M","4","","","","","M","","","-6","","NA"
"2017-12-08 11:00","2017","12","08","11:00","1.0","","-8.6","","49","","","M","4","","","","","M","","","","","NA"
"2017-12-08 12:00","2017","12","08","12:00","5.0","","-7.6","","40","","","M","3","","","","","M","","","","","NA"
"2017-12-08 13:00","2017","12","08","13:00","8.8","","-8.6","","28","","","M","1","","","","","M","","","","","NA"
"2017-12-08 14:00","2017","12","08","14:00","12.3","","-8.5","","23","","","M","1","","","","","M","","","","","NA"
"2017-12-08 15:00","2017","12","08","15:00","10.5","","-7.7","","27","","","M","3","","","","","M","","","","","NA"
"2017-12-08 16:00","2017","12","08","16:00","7.4","","-6.4","","37","","","M","4","","","","","M","","","","","NA"
"2017-12-08 17:00","2017","12","08","17:00","2.4","","-8.1","","46","","","M","5","","","","","M","","","","","NA"
"2017-12-08 18:00","2017","12","08","18:00","-3.4","","-8.2","","69","","","M","3","","","","","M","","","-5","","NA"
"2017-12-08 19:00","2017","12","08","19:00","-2.0","","-8.4","","61","","","M","8","","","","","M","","","-5","","NA"
"2017-12-08 20:00","2017","12","08","20:00","-3.6","","-10.5","","59","","","M","12","","","","","M","","","-8","","NA"
"2017-12-08 21:00","2017","12","08","21:00","-7.5","","-11.5","","73","","","M","9","","","","","M","","","-12","","NA"
"2017-12-08 22:00","2017","12","08","22:00","-6.3","","-11.8","","65","","","M","7","","","","","M","","","-10","","NA"
"2017-12-08 23:00","2017","12","08","23:00","-2.7","","-12.8","","46","","","M","9","","","","","M","","","-6","","NA"
"2017-12-09 00:00","2017","12","09","00:00","-3.4","","-12.6","","49","","","M","12","","","","","M","","","-8","","NA"
"2017-12-09 01:00","2017","12","09","01:00","-1.4","","-12.5","","43","","","M","9","","","","","M","","","-5","","NA"
"2017-12-09 02:00","2017","12","09","02:00","-0.9","","-12.3","","42","","","M","5","","","","","M","","","-3","","NA"
"2017-12-09 03:00","2017","12","09","03:00","-2.4","","-11.9","","48","","","M","6","","","","","M","","","-5","","NA"
"2017-12-09 04:00","2017","12","09","04:00","-3.9","","-10.0","","63","","","M","7","","","","","M","","","-7","","NA"
"2017-12-09 05:00","2017","12","09","05:00","-1.4","","-10.6","","49","","","M","14","","","","","M","","","-6","","NA"
"2017-12-09 06:00","2017","12","09","06:00","-4.8","","-11.3","","60","","","M","10","","","","","M","","","-9","","NA"
"2017-12-09 07:00","2017","12","09","07:00","-3.7","","-12.1","","52","","","M","10","","","","","M","","","-8","","NA"
"2017-12-09 08:00","2017","12","09","08:00","-6.3","","-12.2","","63","","","M","12","","","","","M","","","-11","","NA"
"2017-12-09 09:00","2017","12","09","09:00","-0.8","","-13.1","","39","","","M","7","","","","","M","","","-3","","NA"
"2017-12-09 10:00","2017","12","09","10:00","0.6","","-7.5","","54","","","M","6","","","","","M","","","","","NA"
"2017-12-09 11:00","2017","12","09","11:00","5.7","","-9.8","","32","","","M","6","","","","","M","","","","","NA"
"2017-12-09 12:00","2017","12","09","12:00","9.8","","-9.7","","24","","","M","3","","","","","M","","","","","NA"
"2017-12-09 13:00","2017","12","09","13:00","11.9","","-10.2","","20","","","M","3","","","","","M","","","","","NA"
"2017-12-09 14:00","2017","12","09","14:00","13.4","","-10.0","","19","","","M","3","","","","","M","","","","","NA"
"2017-12-09 15:00","2017","12","09","15:00","13.5","","-9.3","","20","","","M","0","","","","","M","","","","","NA"
"2017-12-09 16:00","2017","12","09","16:00","8.4","","-7.1","","33","","","M","4","","","","","M","","","","","NA"
"2017-12-09 17:00","2017","12","09","17:00","6.0","","-8.5","","35","","","M","10","","","","","M","","","","","NA"
"2017-12-09 18:00","2017","12","09","18:00","3.4","","-12.0","","31","","","M","11","","","","","M","","","","","NA"
"2017-12-09 19:00","2017","12","09","19:00","0.9","","-13.0","","35","","","M","3","","","","","M","","","","","NA"
"2017-12-09 20:00","2017","12","09","20:00","1.2","","-14.0","","31","","","M","5","","","","","M","","","","","NA"
"2017-12-09 21:00","2017","12","09","21:00","-1.7","","-12.7","","43","","","M","6","","","","","M","","","-4","","NA"
"2017-12-09 22:00","2017","12","09","22:00","-2.1","","-12.5","","45","","","M","8","","","","","M","","","-5","","NA"
"2017-12-09 23:00","2017","12","09","23:00","-1.3","","-13.0","","41","","","M","10","","","","","M","","","-5","","NA"
"2017-12-10 00:00","2017","12","10","00:00","-0.9","","-12.2","","42","","","M","12","","","","","M","","","-5","","NA"
"2017-12-10 01:00","2017","12","10","01:00","0.5","","-12.5","","37","","","M","6","","","","","M","","","","","NA"
"2017-12-10 02:00","2017","12","10","02:00","2.8","","-12.8","","30","","","M","8","","","","","M","","","","","NA"
"2017-12-10 03:00","2017","12","10","03:00","-1.1","","-10.5","","49","","","M","10","","","","","M","","","-5","","NA"
"2017-12-10 04:00","2017","12","10","04:00","1.5","","-11.3","","38","","","M","8","","","","","M","","","","","NA"
"2017-12-10 05:00","2017","12","10","05:00","-0.6","","-8.8","","54","","","M","9","","","","","M","","","-4","","NA"
"2017-12-10 06:00","2017","12","10","06:00","2.1","","-8.5","","45","","","M","5","","","","","M","","","","","NA"
"2017-12-10 07:00","2017","12","10","07:00","3.5","","-8.3","","42","","","M","13","","","","","M","","","","","NA"
"2017-12-10 08:00","2017","12","10","08:00","5.6","","-10.3","","31","","","M","15","","","","","M","","","","","NA"
"2017-12-10 09:00","2017","12","10","09:00","3.6","","-10.9","","34","","","M","20","","","","","M","","","","","NA"
"2017-12-10 10:00","2017","12","10","10:00","6.4","","-8.0","","35","","","M","14","","","","","M","","","","","NA"
"2017-12-10 11:00","2017","12","10","11:00","10.4","","-8.0","","27","","","M","9","","","","","M","","","","","NA"
"2017-12-10 12:00","2017","12","10","12:00","13.9","","-7.7","","22","","","M","14","","","","","M","","","","","NA"
"2017-12-10 13:00","2017","12","10","13:00","15.2","","-9.3","","18","","","M","17","","","","","M","","","","","NA"
"2017-12-10 14:00","2017","12","10","14:00","15.4","","-11.7","","14","","","M","13","","","","","M","","","","","NA"
"2017-12-10 15:00","2017","12","10","15:00","16.7","","-11.6","","13","","","M","3","","","","","M","","","","","NA"
"2017-12-10 16:00","2017","12","10","16:00","10.7","","-9.7","","23","","","M","27","","","","","M","","","","","NA"
"2017-12-10 17:00","2017","12","10","17:00","5.3","","-9.7","","33","","","M","13","","","","","M","","","","","NA"
"2017-12-10 18:00","2017","12","10","18:00","5.6","","-9.9","","32","","","M","10","","","","","M","","","","","NA"
"2017-12-10 19:00","2017","12","10","19:00","0.7","","-9.8","","45","","","M","12","","","","","M","","","","","NA"
"2017-12-10 20:00","2017","12","10","20:00","-0.1","","-9.4","","50","","","M","16","","","","","M","","","-5","","NA"
"2017-12-10 21:00","2017","12","10","21:00","-2.9","","-9.7","","59","","","M","4","","","","","M","","","-4","","NA"
"2017-12-10 22:00","2017","12","10","22:00","-1.5","","-11.0","","48","","","M","5","","","","","M","","","-3","","NA"
"2017-12-10 23:00","2017","12","10","23:00","-4.7","","-10.2","","65","","","M","9","","","","","M","","","-9","","NA"
"2017-12-11 00:00","2017","12","11","00:00","-6.0","","-10.4","","71","","","M","4","","","","","M","","","-8","","NA"
"2017-12-11 01:00","2017","12","11","01:00","-4.5","","-9.7","","67","","","M","8","","","","","M","","","-8","","NA"
"2017-12-11 02:00","2017","12","11","02:00","-9.2","","-11.6","","83","","","M","5","","","","","M","","","-12","","NA"
"2017-12-11 03:00","2017","12","11","03:00","-9.0","","-10.9","","86","","","M","2","","","","","M","","","-10","","NA"
"2017-12-11 04:00","2017","12","11","04:00","-9.7","","-11.5","","87","","","M","6","","","","","M","","","-13","","NA"
"2017-12-11 05:00","2017","12","11","05:00","-9.4","","-10.8","","89","","","M","4","","","","","M","","","-12","","NA"
"2017-12-11 06:00","2017","12","11","06:00","-11.0","","-12.3","","89","","","M","8","","","","","M","","","-16","","NA"
"2017-12-11 07:00","2017","12","11","07:00","-9.8","","-11.9","","85","","","M","9","","","","","M","","","-15","","NA"
"2017-12-11 08:00","2017","12","11","08:00","-8.7","","-11.5","","80","","","M","6","","","","","M","","","-12","","NA"
"2017-12-11 09:00","2017","12","11","09:00","-10.8","","-12.0","","90","","","M","4","","","","","M","","","-13","","NA"
"2017-12-11 10:00","2017","12","11","10:00","-5.6","","-9.0","","77","","","M","2","","","","","M","","","-7","","NA"
"2017-12-11 11:00","2017","12","11","11:00","-1.0","","-7.6","","61","","","M","4","","","","","M","","","-2","","NA"
"2017-12-11 12:00","2017","12","11","12:00","3.3","","-7.0","","47","","","M","2","","","","","M","","","","","NA"
"2017-12-11 13:00","2017","12","11","13:00","6.4","","-6.9","","38","","","M","5","","","","","M","","","","","NA"
"2017-12-11 14:00","2017","12","11","14:00","7.2","","-7.8","","34","","","M","10","","","","","M","","","","","NA"
"2017-12-11 15:00","2017","12","11","15:00","7.4","","-7.6","","33","","","M","8","","","","","M","","","","","NA"
"2017-12-11 16:00","2017","12","11","16:00","5.5","","-7.3","","39","","","M","5","","","","","M","","","","","NA"
"2017-12-11 17:00","2017","12","11","17:00","-0.1","","-8.0","","55","","","M","6","","","","","M","","","-2","","NA"
"2017-12-11 18:00","2017","12","11","18:00","0.5","","-6.9","","58","","","M","12","","","","","M","","","","","NA"
"2017-12-11 19:00","2017","12","11","19:00","-1.0","","-7.0","","64","","","M","14","","","","","M","","","-5","","NA"
"2017-12-11 20:00","2017","12","11","20:00","-2.5","","-7.5","","68","","","M","7","","","","","M","","","-5","","NA"
"2017-12-11 21:00","2017","12","11","21:00","-2.5","","-7.1","","71","","","M","6","","","","","M","","","-5","","NA"
"2017-12-11 22:00","2017","12","11","22:00","-3.8","","-7.3","","77","","","M","9","","","","","M","","","-8","","NA"
"2017-12-11 23:00","2017","12","11","23:00","-5.6","","-8.1","","83","","","M","0","","","","","M","","","","","NA"
"2017-12-12 00:00","2017","12","12","00:00","-6.7","","-8.7","","86","","","M","9","","","","","M","","","-11","","NA"
"2017-12-12 01:00","2017","12","12","01:00","-6.7","","-8.3","","88","","","M","1","","","","","M","","","-7","","NA"
"2017-12-12 02:00","2017","12","12","02:00","-7.0","","-8.6","","89","","","M","5","","","","","M","","","-10","","NA"
"2017-12-12 03:00","2017","12","12","03:00","-7.6","","-8.9","","90","","","M","1","","","","","M","","","-8","","NA"
"2017-12-12 04:00","2017","12","12","04:00","5.1","","-7.8","","39","","","M","22","","","","","M","","","","","NA"
"2017-12-12 05:00","2017","12","12","05:00","9.5","","-12.7","","19","","","M","16","","","","","M","","","","","NA"
"2017-12-12 06:00","2017","12","12","06:00","10.8","","-15.8","","14","","","M","24","","","","","M","","","","","NA"
"2017-12-12 07:00","2017","12","12","07:00","9.3","","-16.6","","14","","","M","22","","","","","M","","","","","NA"
"2017-12-12 08:00","2017","12","12","08:00","6.9","","-14.6","","20","","","M","13","","","","","M","","","","","NA"
"2017-12-12 09:00","2017","12","12","09:00","7.0","","-14.2","","20","","","M","18","","","","","M","","","","","NA"
"2017-12-12 10:00","2017","12","12","10:00","7.0","","-12.4","","24","","","M","12","","","","","M","","","","","NA"
"2017-12-12 11:00","2017","12","12","11:00","9.5","","-11.4","","22","","","M","14","","","","","M","","","","","NA"
"2017-12-12 12:00","2017","12","12","12:00","8.8","","-10.3","","25","","","M","16","","","","","M","","","","","NA"
"2017-12-12 13:00","2017","12","12","13:00","10.9","","-9.8","","22","","","M","25","","","","","M","","","","","NA"
"2017-12-12 14:00","2017","12","12","14:00","10.3","","-8.6","","25","","","M","15","","","","","M","","","","","NA"
"2017-12-12 15:00","2017","12","12","15:00","10.2","","-8.6","","26","","","M","13","","","","","M","","","","","NA"
"2017-12-12 16:00","2017","12","12","16:00","8.1","","-7.9","","31","","","M","17","","","","","M","","","","","NA"
"2017-12-12 17:00","2017","12","12","17:00","4.1","","-8.6","","39","","","M","14","","","","","M","","","","","NA"
"2017-12-12 18:00","2017","12","12","18:00","1.6","","-8.0","","49","","","M","15","","","","","M","","","","","NA"
"2017-12-12 19:00","2017","12","12","19:00","-0.9","","-8.1","","58","","","M","7","","","","","M","","","-3","","NA"
"2017-12-12 20:00","2017","12","12","20:00","1.4","","-7.8","","50","","","M","8","","","","","M","","","","","NA"
"2017-12-12 21:00","2017","12","12","21:00","-1.4","","-8.3","","59","","","M","6","","","","","M","","","-4","","NA"
"2017-12-12 22:00","2017","12","12","22:00","0.5","","-8.0","","53","","","M","10","","","","","M","","","","","NA"
"2017-12-12 23:00","2017","12","12","23:00","-4.0","","-8.8","","69","","","M","4","","","","","M","","","-6","","NA"
"2017-12-13 00:00","2017","12","13","00:00","-4.7","","-9.2","","71","","","M","1","","","","","M","","","-5","","NA"
"2017-12-13 01:00","2017","12","13","01:00","-7.2","","-9.0","","87","","","M","3","","","","","M","","","-9","","NA"
"2017-12-13 02:00","2017","12","13","02:00","-5.6","","-8.5","","80","","","M","3","","","","","M","","","-7","","NA"
"2017-12-13 03:00","2017","12","13","03:00","-7.6","","-9.9","","84","","","M","4","","","","","M","","","-10","","NA"
"2017-12-13 04:00","2017","12","13","04:00","-8.0","","-10.0","","86","","","M","8","","","","","M","","","-12","","NA"
"2017-12-13 05:00","2017","12","13","05:00","-7.1","","-8.7","","88","","","M","6","","","","","M","","","-10","","NA"
"2017-12-13 06:00","2017","12","13","06:00","-5.6","","-8.1","","82","","","M","8","","","","","M","","","-9","","NA"
"2017-12-13 07:00","2017","12","13","07:00","-5.1","","-7.9","","81","","","M","7","","","","","M","","","-8","","NA"
"2017-12-13 08:00","2017","12","13","08:00","-6.3","","-8.5","","84","","","M","7","","","","","M","","","-10","","NA"
"2017-12-13 09:00","2017","12","13","09:00","-6.9","","-8.4","","89","","","M","6","","","","","M","","","-10","","NA"
"2017-12-13 10:00","2017","12","13","10:00"
"2017-12-13 11:00","2017","12","13","11:00","0.5","","-4.1","","71","","","M","5","","","","","M","","","","","NA"
"2017-12-13 12:00","2017","12","13","12:00","2.0","","-3.9","","65","","","M","8","","","","","M","","","","","NA"
"2017-12-13 13:00","2017","12","13","13:00","4.2","","-4.0","","55","","","M","7","","","","","M","","","","","NA"
"2017-12-13 14:00","2017","12","13","14:00","6.0","","-5.0","","45","","","M","8","","","","","M","","","","","NA"
"2017-12-13 15:00","2017","12","13","15:00","6.4","","-5.0","","44","","","M","14","","","","","M","","","","","NA"
"2017-12-13 16:00","2017","12","13","16:00","3.6","","-4.3","","56","","","M","12","","","","","M","","","","","NA"
"2017-12-13 17:00","2017","12","13","17:00","0.6","","-4.0","","72","","","M","14","","","","","M","","","","","NA"
"2017-12-13 18:00","2017","12","13","18:00","-0.5","","-4.3","","76","","","M","14","","","","","M","","","-5","","NA"
"2017-12-13 19:00","2017","12","13","19:00","-3.7","","-5.8","","85","","","M","16","","","","","M","","","-9","","NA"
"2017-12-13 20:00","2017","12","13","20:00","-5.4","","-7.4","","86","","","M","8","","","","","M","","","-9","","NA"
"2017-12-13 21:00","2017","12","13","21:00","-7.0","","-8.5","","89","","","M","6","","","","","M","","","-10","","NA"
"2017-12-13 22:00","2017","12","13","22:00","-6.5","","-8.0","","89","","","M","8","","","","","M","","","-10","","NA"
"2017-12-13 23:00","2017","12","13","23:00","-7.3","","-8.5","","91","","","M","7","","","","","M","","","-11","","NA"
"2017-12-14 00:00","2017","12","14","00:00"
"2017-12-14 01:00","2017","12","14","01:00","-7.5","","-8.9","","90","","","M","10","","","","","M","","","-12","","NA"
"2017-12-14 02:00","2017","12","14","02:00","-8.9","","-10.6","","88","","","M","5","","","","","M","","","-12","","NA"
"2017-12-14 03:00","2017","12","14","03:00","-8.2","","-9.4","","90","","","M","5","","","","","M","","","-11","","NA"
"2017-12-14 04:00","2017","12","14","04:00","-8.5","","-10.1","","88","","","M","5","","","","","M","","","-11","","NA"
"2017-12-14 05:00","2017","12","14","05:00","-7.7","","-8.6","","93","","","M","2","","","","","M","","","-9","","NA"
"2017-12-14 06:00","2017","12","14","06:00","-7.3","","-8.4","","92","","","M","4","","","","","M","","","-9","","NA"
"2017-12-14 07:00","2017","12","14","07:00","-10.3","","-11.2","","93","","","M","10","","","","","M","","","-16","","NA"
"2017-12-14 08:00","2017","12","14","08:00","-8.7","","-10.5","","87","","","M","5","","","","","M","","","-11","","NA"
"2017-12-14 09:00","2017","12","14","09:00","-11.0","","-11.6","","96","","","M","6","","","","","M","","","-15","","NA"
"2017-12-14 10:00","2017","12","14","10:00","-7.7","","-8.8","","92","","","M","3","","","","","M","","","-9","","NA"
"2017-12-14 11:00","2017","12","14","11:00"
"2017-12-14 12:00","2017","12","14","12:00","-1.7","","-5.2","","77","","","M","8","","","","","M","","","-5","","NA"
"2017-12-14 13:00","2017","12","14","13:00","0.2","","-4.8","","69","","","M","1","","","","","M","","","","","NA"
"2017-12-14 14:00","2017","12","14","14:00","2.2","","-4.1","","63","","","M","4","","","","","M","","","","","NA"
"2017-12-14 15:00","2017","12","14","15:00","1.7","","-4.1","","66","","","M","0","","","","","M","","","","","NA"
"2017-12-14 16:00","2017","12","14","16:00","-1.7","","-5.7","","74","","","M","3","","","","","M","","","-3","","NA"
"2017-12-14 17:00","2017","12","14","17:00","-3.7","","-5.4","","88","","","M","0","","","","","M","","","","","NA"
"2017-12-14 18:00","2017","12","14","18:00","-5.6","","-6.3","","94","","","M","3","","","","","M","","","-7","","NA"
"2017-12-14 19:00","2017","12","14","19:00","-6.5","","-7.1","","95","","","M","4","","","","","M","","","-8","","NA"
"2017-12-14 20:00","2017","12","14","20:00","-7.1","","-7.5","","97","","","M","2","","","","","M","","","-8","","NA"
"2017-12-14 21:00","2017","12","14","21:00","-7.8","","-8.1","","98","","","M","2","","","","","M","","","-9","","NA"
"2017-12-14 22:00","2017","12","14","22:00","-8.1","","-8.6","","96","","","M","3","","","","","M","","","-10","","NA"
"2017-12-14 23:00","2017","12","14","23:00","-7.6","","-8.0","","97","","","M","8","","","","","M","","","-12","","NA"
"2017-12-15 00:00","2017","12","15","00:00","-8.8","","-9.0","","98","","","M","6","","","","","M","","","-12","","NA"
"2017-12-15 01:00","2017","12","15","01:00","-7.1","","-7.9","","95","","","M","4","","","","","M","","","-9","","NA"
"2017-12-15 02:00","2017","12","15","02:00","-6.5","","-7.4","","93","","","M","1","","","","","M","","","-7","","NA"
"2017-12-15 03:00","2017","12","15","03:00","-0.4","","-5.4","","69","","","M","10","","","","","M","","","-4","","NA"
"2017-12-15 04:00","2017","12","15","04:00","-0.8","","-6.2","","67","","","M","17","","","","","M","","","-6","","NA"
"2017-12-15 05:00","2017","12","15","05:00","7.4","","-6.8","","36","","","M","29","","","","","M","","","","","NA"
"2017-12-15 06:00","2017","12","15","06:00","7.6","","-6.1","","37","","","M","26","","","","","M","","","","","NA"
"2017-12-15 07:00","2017","12","15","07:00","7.5","","-5.2","","40","","","M","17","","","","","M","","","","","NA"
"2017-12-15 08:00","2017","12","15","08:00","6.6","","-5.0","","43","","","M","28","","","","","M","","","","","NA"
"2017-12-15 09:00","2017","12","15","09:00","6.1","","-3.7","","50","","","M","12","","","","","M","","","","","NA"
"2017-12-15 10:00","2017","12","15","10:00","5.4","","-5.0","","47","","","M","6","","","","","M","","","","","NA"
"2017-12-15 11:00","2017","12","15","11:00","5.2","","-4.4","","50","","","M","5","","","","","M","","","","","NA"
"2017-12-15 12:00","2017","12","15","12:00","3.2","","-3.9","","60","","","M","6","","","","","M","","","","","NA"
"2017-12-15 13:00","2017","12","15","13:00","5.2","","-2.9","","55","","","M","4","","","","","M","","","","","NA"
"2017-12-15 14:00","2017","12","15","14:00","4.7","","-2.8","","58","","","M","5","","","","","M","","","","","NA"
"2017-12-15 15:00","2017","12","15","15:00","4.1","","-1.6","","67","","","M","11","","","","","M","","","","","NA"
"2017-12-15 16:00","2017","12","15","16:00","2.2","","0.3","","88","","","M","15","","","","","M","","","","","NA"
"2017-12-15 17:00","2017","12","15","17:00","1.1","","0.5","","96","","","M","9","","","","","M","","","","","NA"
"2017-12-15 18:00","2017","12","15","18:00","0.2","","0.2","","100","","","M","7","","","","","M","","","","","NA"
"2017-12-15 19:00","2017","12","15","19:00","0.2","","0.2","","100","","","M","12","","","","","M","","","","","NA"
"2017-12-15 20:00","2017","12","15","20:00","0.1","","0.1","","100","","","M","9","","","","","M","","","","","NA"
"2017-12-15 21:00","2017","12","15","21:00","-0.1","","-0.1","","100","","","M","12","","","","","M","","","-4","","NA"
"2017-12-15 22:00","2017","12","15","22:00","-0.3","","-0.3","","100","","","M","11","","","","","M","","","-4","","NA"
"2017-12-15 23:00","2017","12","15","23:00","-0.9","","-0.9","","100","","","M","8","","","","","M","","","-4","","NA"
"2017-12-16 00:00","2017","12","16","00:00","-1.4","","-1.4","","100","","","M","7","","","","","M","","","-4","","NA"
"2017-12-16 01:00","2017","12","16","01:00","-3.6","","-3.6","","100","","","M","1","","","","","M","","","-4","","NA"
"2017-12-16 02:00","2017","12","16","02:00","-3.0","","-3.0","","100","","","M","3","","","","","M","","","-4","","NA"
"2017-12-16 03:00","2017","12","16","03:00","-2.6","","-2.6","","100","","","M","14","","","","","M","","","-7","","NA"
"2017-12-16 04:00","2017","12","16","04:00","-1.6","","-1.6","","100","","","M","13","","","","","M","","","-6","","NA"
"2017-12-16 05:00","2017","12","16","05:00","-2.0","","-2.0","","100","","","M","9","","","","","M","","","-5","","NA"
"2017-12-16 06:00","2017","12","16","06:00","-1.6","","-2.0","","97","","","M","4","","","","","M","","","-3","","NA"
"2017-12-16 07:00","2017","12","16","07:00","-1.3","","-3.7","","83","","","M","10","","","","","M","","","-5","","NA"
"2017-12-16 08:00","2017","12","16","08:00","-5.2","","-5.8","","95","","","M","13","","","","","M","","","-10","","NA"
"2017-12-16 09:00","2017","12","16","09:00","-6.3","","-6.3","","100","","","M","6","","","","","M","","","-9","","NA"
"2017-12-16 10:00","2017","12","16","10:00","-6.6","","-6.7","","100","","","M","2","","","","","M","","","-8","","NA"
"2017-12-16 11:00","2017","12","16","11:00","-3.4","","-3.5","","100","","","M","5","","","","","M","","","-5","","NA"
"2017-12-16 12:00","2017","12","16","12:00","-1.4","","-2.8","","90","","","M","2","","","","","M","","","-2","","NA"
"2017-12-16 13:00","2017","12","16","13:00","1.5","","-3.3","","71","","","M","10","","","","","M","","","","","NA"
"2017-12-16 14:00","2017","12","16","14:00","3.0","","-6.2","","51","","","M","11","","","","","M","","","","","NA"
"2017-12-16 15:00","2017","12","16","15:00","1.7","","-3.1","","70","","","M","14","","","","","M","","","","","NA"
"2017-12-16 16:00","2017","12","16","16:00","-0.7","","-3.6","","80","","","M","13","","","","","M","","","-5","","NA"
"2017-12-16 17:00","2017","12","16","17:00","-2.8","","-9.7","","59","","","M","10","","","","","M","","","-7","","NA"
"2017-12-16 18:00","2017","12","16","18:00","-6.5","","-12.8","","61","","","M","9","","","","","M","","","-11","","NA"
"2017-12-16 19:00","2017","12","16","19:00","-9.1","","-13.0","","73","","","M","8","","","","","M","","","-13","","NA"
"2017-12-16 20:00","2017","12","16","20:00","-9.3","","-14.2","","68","","","M","4","","","","","M","","","-12","","NA"
"2017-12-16 21:00","2017","12","16","21:00","-9.5","","-13.9","","70","","","M","5","","","","","M","","","-12","","NA"
"2017-12-16 22:00","2017","12","16","22:00","-9.6","","-14.5","","68","","","M","9","","","","","M","","","-14","","NA"
"2017-12-16 23:00","2017","12","16","23:00","-10.6","","-13.9","","77","","","M","16","","","","","M","","","-18","","NA"
"2017-12-17 00:00","2017","12","17","00:00","-10.9","","-13.6","","80","","","M","14","","","","","M","","","-18","","NA"
"2017-12-17 01:00","2017","12","17","01:00","-10.9","","-13.4","","82","","","M","14","","","","","M","","","-18","","NA"
"2017-12-17 02:00","2017","12","17","02:00","-9.8","","-12.6","","80","","","M","12","","","","","M","","","-16","","NA"
"2017-12-17 03:00","2017","12","17","03:00","-7.2","","-11.5","","71","","","M","13","","","","","M","","","-13","","NA"
"2017-12-17 04:00","2017","12","17","04:00","-9.6","","-12.5","","80","","","M","3","","","","","M","","","-11","","NA"
"2017-12-17 05:00","2017","12","17","05:00","-9.8","","-11.8","","85","","","M","1","","","","","M","","","-10","","NA"
"2017-12-17 06:00","2017","12","17","06:00","-9.4","","-11.4","","85","","","M","2","","","","","M","","","-11","","NA"
"2017-12-17 07:00","2017","12","17","07:00","-9.7","","-11.5","","86","","","M","2","","","","","M","","","-11","","NA"
"2017-12-17 08:00","2017","12","17","08:00","-2.3","","-7.9","","66","","","M","10","","","","","M","","","-6","","NA"
"2017-12-17 09:00","2017","12","17","09:00","-0.9","","-6.5","","66","","","M","14","","","","","M","","","-5","","NA"
"2017-12-17 10:00","2017","12","17","10:00","2.1","","-6.0","","55","","","M","14","","","","","M","","","","","NA"
"2017-12-17 11:00","2017","12","17","11:00","3.6","","-6.0","","50","","","M","23","","","","","M","","","","","NA"
"2017-12-17 12:00","2017","12","17","12:00","3.8","","-6.1","","48","","","M","20","","","","","M","","","","","NA"
"2017-12-17 13:00","2017","12","17","13:00","4.2","","-5.9","","48","","","M","16","","","","","M","","","","","NA"
"2017-12-17 14:00","2017","12","17","14:00","4.2","","-6.0","","47","","","M","16","","","","","M","","","","","NA"
"2017-12-17 15:00","2017","12","17","15:00","3.7","","-6.2","","48","","","M","6","","","","","M","","","","","NA"
"2017-12-17 16:00","2017","12","17","16:00","5.3","","-6.6","","42","","","M","27","","","","","M","","","","","NA"
"2017-12-17 17:00","2017","12","17","17:00","3.4","","-7.0","","46","","","M","13","","","","","M","","","","","NA"
"2017-12-17 18:00","2017","12","17","18:00","1.7","","-7.4","","51","","","M","14","","","","","M","","","","","NA"
"2017-12-17 19:00","2017","12","17","19:00","2.4","","-6.8","","51","","","M","16","","","","","M","","","","","NA"
"2017-12-17 20:00","2017","12","17","20:00","1.3","","-7.0","","54","","","M","15","","","","","M","","","","","NA"
"2017-12-17 21:00","2017","12","17","21:00","-0.3","","-6.7","","62","","","M","10","","","","","M","","","-4","","NA"
"2017-12-17 22:00","2017","12","17","22:00","-0.7","","-6.0","","67","","","M","15","","","","","M","","","-5","","NA"
"2017-12-17 23:00","2017","12","17","23:00","-0.3","","-5.7","","67","","","M","7","","","","","M","","","-3","","NA"
"2017-12-18 00:00","2017","12","18","00:00","-1.6","","-6.4","","70","","","M","7","","","","","M","","","-4","","NA"
"2017-12-18 01:00","2017","12","18","01:00","-3.5","","-6.5","","80","","","M","5","","","","","M","","","-6","","NA"
"2017-12-18 02:00","2017","12","18","02:00","-4.2","","-6.5","","84","","","M","7","","","","","M","","","-7","","NA"
"2017-12-18 03:00","2017","12","18","03:00","-3.5","","-5.5","","86","","","M","10","","","","","M","","","-7","","NA"
"2017-12-18 04:00","2017","12","18","04:00","-2.2","","-5.5","","78","","","M","9","","","","","M","","","-6","","NA"
"2017-12-18 05:00","2017","12","18","05:00","-2.2","","-5.2","","80","","","M","15","","","","","M","","","-7","","NA"
"2017-12-18 06:00","2017","12","18","06:00","-2.8","","-3.9","","92","","","M","18","","","","","M","","","-8","","NA"
"2017-12-18 07:00","2017","12","18","07:00","-3.2","","-3.5","","98","","","M","12","","","","","M","","","-8","","NA"
"2017-12-18 08:00","2017","12","18","08:00","-3.3","","-3.6","","98","","","M","12","","","","","M","","","-8","","NA"
"2017-12-18 09:00","2017","12","18","09:00","-3.3","","-3.7","","97","","","M","12","","","","","M","","","-8","","NA"
"2017-12-18 10:00","2017","12","18","10:00","-2.7","","-3.3","","96","","","M","19","","","","","M","","","-8","","NA"
"2017-12-18 11:00","2017","12","18","11:00","-2.5","","-3.8","","91","","","M","16","","","","","M","","","-8","","NA"
"2017-12-18 12:00","2017","12","18","12:00","-1.9","","-5.1","","79","","","M","17","","","","","M","","","-7","","NA"
"2017-12-18 13:00","2017","12","18","13:00","-1.2","","-6.0","","70","","","M","16","","","","","M","","","-6","","NA"
"2017-12-18 14:00","2017","12","18","14:00","0.3","","-7.1","","57","","","M","16","","","","","M","","","","","NA"
"2017-12-18 15:00","2017","12","18","15:00","0.9","","-8.3","","50","","","M","12","","","","","M","","","","","NA"
"2017-12-18 16:00","2017","12","18","16:00","-2.1","","-6.9","","69","","","M","10","","","","","M","","","-6","","NA"
"2017-12-18 17:00","2017","12","18","17:00","-6.6","","-9.1","","82","","","M","9","","","","","M","","","-11","","NA"
"2017-12-18 18:00","2017","12","18","18:00","-9.1","","-11.5","","83","","","M","7","","","","","M","","","-13","","NA"
"2017-12-18 19:00","2017","12","18","19:00","-12.7","","-14.0","","90","","","M","4","","","","","M","","","-15","","NA"
"2017-12-18 20:00","2017","12","18","20:00","-12.6","","-13.7","","92","","","M","1","","","","","M","","","-13","","NA"
"2017-12-18 21:00","2017","12","18","21:00","-13.9","","-15.0","","91","","","M","3","","","","","M","","","-16","","NA"
"2017-12-18 22:00","2017","12","18","22:00","-13.8","","-14.7","","93","","","M","0","","","","","M","","","","","NA"
"2017-12-18 23:00","2017","12","18","23:00","-12.8","","-13.7","","93","","","M","7","","","","","M","","","-17","","NA"
"2017-12-19 00:00","2017","12","19","00:00","-12.8","","-13.6","","93","","","M","5","","","","","M","","","-16","","NA"
"2017-12-19 01:00","2017","12","19","01:00","-14.2","","-15.2","","93","","","M","6","","","","","M","","","-18","","NA"
"2017-12-19 02:00","2017","12","19","02:00","-13.5","","-14.4","","93","","","M","10","","","","","M","","","-19","","NA"
"2017-12-19 03:00","2017","12","19","03:00","-11.0","","-12.5","","88","","","M","12","","","","","M","","","-17","","NA"
"2017-12-19 04:00","2017","12","19","04:00","-10.8","","-12.3","","89","","","M","9","","","","","M","","","-16","","NA"
"2017-12-19 05:00","2017","12","19","05:00","-10.4","","-11.7","","90","","","M","6","","","","","M","","","-14","","NA"
"2017-12-19 06:00","2017","12","19","06:00","-10.0","","-11.8","","87","","","M","9","","","","","M","","","-15","","NA"
"2017-12-19 07:00","2017","12","19","07:00","-9.5","","-11.2","","88","","","M","13","","","","","M","","","-16","","NA"
"2017-12-19 08:00","2017","12","19","08:00","-9.0","","-10.7","","88","","","M","10","","","","","M","","","-14","","NA"
"2017-12-19 09:00","2017","12","19","09:00","-8.1","","-10.2","","85","","","M","12","","","","","M","","","-14","","NA"
"2017-12-19 10:00","2017","12","19","10:00","-7.8","","-9.9","","85","","","M","14","","","","","M","","","-14","","NA"
"2017-12-19 11:00","2017","12","19","11:00","-7.1","","-9.3","","85","","","M","11","","","","","M","","","-12","","NA"
"2017-12-19 12:00","2017","12","19","12:00","-7.0","","-8.1","","92","","","M","10","","","","","M","","","-12","","NA"
"2017-12-19 13:00","2017","12","19","13:00","-7.0","","-8.0","","93","","","M","9","","","","","M","","","-11","","NA"
"2017-12-19 14:00","2017","12","19","14:00","-6.9","","-7.7","","93","","","M","10","","","","","M","","","-12","","NA"
"2017-12-19 15:00","2017","12","19","15:00","-6.9","","-7.7","","94","","","M","11","","","","","M","","","-12","","NA"
"2017-12-19 16:00","2017","12","19","16:00","-6.9","","-7.4","","97","","","M","13","","","","","M","","","-12","","NA"
"2017-12-19 17:00","2017","12","19","17:00","-7.2","","-7.6","","97","","","M","16","","","","","M","","","-14","","NA"
"2017-12-19 18:00","2017","12","19","18:00","-7.4","","-7.9","","97","","","M","18","","","","","M","","","-14","","NA"
"2017-12-19 19:00","2017","12","19","19:00","-7.6","","-8.1","","97","","","M","18","","","","","M","","","-14","","NA"
"2017-12-19 20:00","2017","12","19","20:00","-7.8","","-8.3","","96","","","M","20","","","","","M","","","-15","","NA"
"2017-12-19 21:00","2017","12","19","21:00","-8.5","","-9.2","","95","","","M","28","","","","","M","","","-17","","NA"
"2017-12-19 22:00","2017","12","19","22:00","-9.1","","-9.8","","95","","","M","25","","","","","M","","","-18","","NA"
"2017-12-19 23:00","2017","12","19","23:00","-9.5","","-10.2","","95","","","M","18","","","","","M","","","-17","","NA"
"2017-12-20 00:00","2017","12","20","00:00","-10.3","","-10.9","","95","","","M","10","","","","","M","","","-16","","NA"
"2017-12-20 01:00","2017","12","20","01:00","-11.0","","-11.6","","95","","","M","10","","","","","M","","","-16","","NA"
"2017-12-20 02:00","2017","12","20","02:00","-11.3","","-11.9","","95","","","M","13","","","","","M","","","-18","","NA"
"2017-12-20 03:00","2017","12","20","03:00","-11.4","","-12.1","","94","","","M","15","","","","","M","","","-18","","NA"
"2017-12-20 04:00","2017","12","20","04:00","-11.6","","-12.3","","94","","","M","14","","","","","M","","","-18","","NA"
"2017-12-20 05:00","2017","12","20","05:00","-11.5","","-12.2","","94","","","M","16","","","","","M","","","-19","","NA"
"2017-12-20 06:00","2017","12","20","06:00","-11.3","","-12.0","","95","","","M","18","","","","","M","","","-19","","NA"
"2017-12-20 07:00","2017","12","20","07:00","-11.2","","-11.9","","94","","","M","16","","","","","M","","","-18","","NA"
"2017-12-20 08:00","2017","12","20","08:00","-11.7","","-12.5","","93","","","M","23","","","","","M","","","-21","","NA"
"2017-12-20 09:00","2017","12","20","09:00","-11.7","","-12.5","","93","","","M","16","","","","","M","","","-19","","NA"
"2017-12-20 10:00","2017","12","20","10:00","-11.2","","-12.1","","93","","","M","14","","","","","M","","","-18","","NA"
"2017-12-20 11:00","2017","12","20","11:00","-11.0","","-12.0","","92","","","M","7","","","","","M","","","-15","","NA"
"2017-12-20 12:00","2017","12","20","12:00","-12.2","","-13.6","","90","","","M","10","","","","","M","","","-18","","NA"
"2017-12-20 13:00","2017","12","20","13:00","-12.6","","-13.7","","92","","","M","7","","","","","M","","","-17","","NA"
"2017-12-20 14:00","2017","12","20","14:00","-10.7","","-12.4","","87","","","M","1","","","","","M","","","-11","","NA"
"2017-12-20 15:00","2017","12","20","15:00","-15.3","","-16.4","","91","","","M","5","","","","","M","","","-19","","NA"
"2017-12-20 16:00","2017","12","20","16:00","-16.9","","-18.3","","89","","","M","11","","","","","M","","","-24","","NA"
"2017-12-20 17:00","2017","12","20","17:00","-20.3","","-21.9","","87","","","M","11","","","","","M","","","-28","","NA"
"2017-12-20 18:00","2017","12","20","18:00","-21.4","","-23.4","","84","","","M","4","","","","","M","","","-25","","NA"
"2017-12-20 19:00","2017","12","20","19:00","-23.8","","-25.4","","87","","","M","3","","","","","M","","","-27","","NA"
"2017-12-20 20:00","2017","12","20","20:00","-28.1","","-30.5","","80","","","M","1","","","","","M","","","-29","","NA"
"2017-12-20 21:00","2017","12","20","21:00","-23.4","","-25.3","","85","","","M","2","","","","","M","","","-25","","NA"
"2017-12-20 22:00","2017","12","20","22:00","-27.5","","-29.9","","80","","","M","1","","","","","M","","","-29","","NA"
"2017-12-20 23:00","2017","12","20","23:00","-29.7","","-32.6","","76","","","M","0","","","","","M","","","","","NA"
"2017-12-21 00:00","2017","12","21","00:00","-29.1","","-31.9","","76","","","M","1","","","","","M","","","-30","","NA"
"2017-12-21 01:00","2017","12","21","01:00","-29.4","","-32.2","","76","","","M","0","","","","","M","","","","","NA"
"2017-12-21 02:00","2017","12","21","02:00","-28.5","","-31.0","","79","","","M","0","","","","","M","","","","","NA"
"2017-12-21 03:00","2017","12","21","03:00","-27.2","","-29.8","","78","","","M","1","","","","","M","","","-28","","NA"
"2017-12-21 04:00","2017","12","21","04:00","-26.7","","-29.1","","80","","","M","1","","","","","M","","","-28","","NA"
"2017-12-21 05:00","2017","12","21","05:00","-21.2","","-22.9","","86","","","M","2","","","","","M","","","-23","","NA"
"2017-12-21 06:00","2017","12","21","06:00","-20.3","","-22.0","","86","","","M","3","","","","","M","","","-23","","NA"
"2017-12-21 07:00","2017","12","21","07:00","-18.3","","-19.6","","90","","","M","1","","","","","M","","","-19","","NA"
"2017-12-21 08:00","2017","12","21","08:00","-18.9","","-20.3","","89","","","M","2","","","","","M","","","-21","","NA"
"2017-12-21 09:00","2017","12","21","09:00","-14.4","","-15.3","","93","","","M","4","","","","","M","","","-17","","NA"
"2017-12-21 10:00","2017","12","21","10:00","-14.7","","-15.8","","91","","","M","8","","","","","M","","","-20","","NA"
"2017-12-21 11:00","2017","12","21","11:00","-14.7","","-15.8","","91","","","M","14","","","","","M","","","-22","","NA"
"2017-12-21 12:00","2017","12","21","12:00","-10.0","","-10.6","","96","","","M","11","","","","","M","","","-16","","NA"
"2017-12-21 13:00","2017","12","21","13:00","-7.0","","-8.0","","93","","","M","10","","","","","M","","","-12","","NA"
"2017-12-21 14:00","2017","12","21","14:00","-5.1","","-5.9","","94","","","M","18","","","","","M","","","-11","","NA"
"2017-12-21 15:00","2017","12","21","15:00","-4.6","","-4.8","","99","","","M","16","","","","","M","","","-10","","NA"
"2017-12-21 16:00","2017","12","21","16:00","-5.1","","-5.2","","99","","","M","15","","","","","M","","","-11","","NA"
"2017-12-21 17:00","2017","12","21","17:00","-5.8","","-6.3","","97","","","M","22","","","","","M","","","-13","","NA"
"2017-12-21 18:00","2017","12","21","18:00","-6.0","","-6.6","","96","","","M","20","","","","","M","","","-13","","NA"
"2017-12-21 19:00","2017","12","21","19:00","-6.6","","-7.2","","95","","","M","21","","","","","M","","","-14","","NA"
"2017-12-21 20:00","2017","12","21","20:00","-7.2","","-7.8","","96","","","M","20","","","","","M","","","-14","","NA"
"2017-12-21 21:00","2017","12","21","21:00","-8.1","","-8.8","","94","","","M","23","","","","","M","","","-16","","NA"
"2017-12-21 22:00","2017","12","21","22:00","-8.9","","-9.8","","93","","","M","26","","","","","M","","","-18","","NA"
"2017-12-21 23:00","2017","12","21","23:00","-9.8","","-10.5","","94","","","M","15","","","","","M","","","-16","","NA"
"2017-12-22 00:00","2017","12","22","00:00","-11.2","","-11.7","","96","","","M","10","","","","","M","","","-17","","NA"
"2017-12-22 01:00","2017","12","22","01:00","-11.4","","-12.0","","95","","","M","9","","","","","M","","","-17","","NA"
"2017-12-22 02:00","2017","12","22","02:00","-10.8","","-11.8","","92","","","M","18","","","","","M","","","-18","","NA"
"2017-12-22 03:00","2017","12","22","03:00","-11.3","","-11.9","","95","","","M","7","","","","","M","","","-16","","NA"
"2017-12-22 04:00","2017","12","22","04:00","-11.6","","-12.3","","95","","","M","8","","","","","M","","","-16","","NA"
"2017-12-22 05:00","2017","12","22","05:00","-12.0","","-12.7","","95","","","M","11","","","","","M","","","-18","","NA"
"2017-12-22 06:00","2017","12","22","06:00","-12.1","","-12.9","","94","","","M","10","","","","","M","","","-18","","NA"
"2017-12-22 07:00","2017","12","22","07:00","-12.6","","-13.4","","94","","","M","10","","","","","M","","","-18","","NA"
"2017-12-22 08:00","2017","12","22","08:00","-12.2","","-13.0","","94","","","M","14","","","","","M","","","-19","","NA"
"2017-12-22 09:00","2017","12","22","09:00","-12.6","","-13.5","","93","","","M","13","","","","","M","","","-19","","NA"
"2017-12-22 10:00","2017","12","22","10:00","-12.6","","-13.7","","91","","","M","7","","","","","M","","","-17","","NA"
"2017-12-22 11:00","2017","12","22","11:00","-11.3","","-12.7","","89","","","M","13","","","","","M","","","-18","","NA"
"2017-12-22 12:00","2017","12","22","12:00","-11.8","","-13.2","","89","","","M","9","","","","","M","","","-17","","NA"
"2017-12-22 13:00","2017","12","22","13:00","-12.7","","-14.7","","85","","","M","12","","","","","M","","","-19","","NA"
"2017-12-22 14:00","2017","12","22","14:00","-13.4","","-15.5","","84","","","M","10","","","","","M","","","-19","","NA"
"2017-12-22 15:00","2017","12","22","15:00","-12.5","","-14.8","","83","","","M","13","","","","","M","","","-19","","NA"
"2017-12-22 16:00","2017","12","22","16:00","-13.3","","-15.6","","82","","","M","12","","","","","M","","","-20","","NA"
"2017-12-22 17:00","2017","12","22","17:00","-13.3","","-15.7","","82","","","M","12","","","","","M","","","-20","","NA"
"2017-12-22 18:00","2017","12","22","18:00","-15.1","","-17.1","","85","","","M","14","","","","","M","","","-23","","NA"
"2017-12-22 19:00","2017","12","22","19:00","-16.8","","-19.0","","83","","","M","20","","","","","M","","","-26","","NA"
"2017-12-22 20:00","2017","12","22","20:00","-19.9","","-21.9","","84","","","M","15","","","","","M","","","-29","","NA"
"2017-12-22 21:00","2017","12","22","21:00","-19.5","","-20.9","","89","","","M","13","","","","","M","","","-28","","NA"
"2017-12-22 22:00","2017","12","22","22:00","-20.1","","-21.8","","86","","","M","18","","","","","M","","","-30","","NA"
"2017-12-22 23:00","2017","12","22","23:00","-20.3","","-21.8","","88","","","M","13","","","","","M","","","-29","","NA"
"2017-12-23 00:00","2017","12","23","00:00","-24.7","","-26.7","","83","","","M","12","","","","","M","","","-34","","NA"
"2017-12-23 01:00","2017","12","23","01:00","-21.6","","-23.7","","83","","","M","12","","","","","M","","","-30","","NA"
"2017-12-23 02:00","2017","12","23","02:00","-20.2","","-22.6","","81","","","M","15","","","","","M","","","-29","","NA"
"2017-12-23 03:00","2017","12","23","03:00","-20.2","","-22.4","","82","","","M","14","","","","","M","","","-29","","NA"
"2017-12-23 04:00","2017","12","23","04:00","-17.1","","-20.1","","77","","","M","17","","","","","M","","","-26","","NA"
"2017-12-23 05:00","2017","12","23","05:00","-15.7","","-19.1","","75","","","M","19","","","","","M","","","-25","","NA"
"2017-12-23 06:00","2017","12","23","06:00","-18.8","","-22.4","","73","","","M","17","","","","","M","","","-28","","NA"
"2017-12-23 07:00","2017","12","23","07:00","-18.2","","-21.9","","73","","","M","20","","","","","M","","","-28","","NA"
"2017-12-23 08:00","2017","12","23","08:00","-16.8","","-20.6","","73","","","M","15","","","","","M","","","-25","","NA"
"2017-12-23 09:00","2017","12","23","09:00","-15.1","","-19.4","","70","","","M","12","","","","","M","","","-22","","NA"
"2017-12-23 10:00","2017","12","23","10:00","-14.9","","-19.2","","70","","","M","14","","","","","M","","","-22","","NA"
"2017-12-23 11:00","2017","12","23","11:00","-13.6","","-17.9","","70","","","M","16","","","","","M","","","-21","","NA"
"2017-12-23 12:00","2017","12","23","12:00","-14.7","","-19.9","","64","","","M","7","","","","","M","","","-19","","NA"
"2017-12-23 13:00","2017","12","23","13:00","-12.0","","-17.4","","64","","","M","7","","","","","M","","","-16","","NA"
"2017-12-23 14:00","2017","12","23","14:00","-11.0","","-16.6","","63","","","M","11","","","","","M","","","-17","","NA"
"2017-12-23 15:00","2017","12","23","15:00","-9.2","","-14.1","","68","","","M","10","","","","","M","","","-14","","NA"
"2017-12-23 16:00","2017","12","23","16:00","-8.2","","-13.2","","67","","","M","14","","","","","M","","","-14","","NA"
"2017-12-23 17:00","2017","12","23","17:00","-8.7","","-13.5","","69","","","M","19","","","","","M","","","-16","","NA"
"2017-12-23 18:00","2017","12","23","18:00","-8.5","","-16.2","","53","","","M","16","","","","","M","","","-15","","NA"
"2017-12-23 19:00","2017","12","23","19:00","-8.6","","-10.6","","86","","","M","9","","","","","M","","","-13","","NA"
"2017-12-23 20:00","2017","12","23","20:00","-8.4","","-9.1","","95","","","M","19","","","","","M","","","-16","","NA"
"2017-12-23 21:00","2017","12","23","21:00","-8.8","","-9.4","","96","","","M","10","","","","","M","","","-14","","NA"
"2017-12-23 22:00","2017","12","23","22:00","-8.9","","-10.6","","87","","","M","26","","","","","M","","","-18","","NA"
"2017-12-23 23:00","2017","12","23","23:00","-9.5","","-12.5","","79","","","M","28","","","","","M","","","-19","","NA"
"2017-12-24 00:00","2017","12","24","00:00","-9.9","","-12.9","","78","","","M","25","","","","","M","","","-19","","NA"
"2017-12-24 01:00","2017","12","24","01:00","-10.2","","-12.8","","81","","","M","19","","","","","M","","","-18","","NA"
"2017-12-24 02:00","2017","12","24","02:00","-10.9","","-11.9","","93","","","M","9","","","","","M","","","-16","","NA"
"2017-12-24 03:00","2017","12","24","03:00","-10.7","","-12.3","","88","","","M","11","","","","","M","","","-16","","NA"
"2017-12-24 04:00","2017","12","24","04:00","-12.1","","-13.6","","89","","","M","11","","","","","M","","","-18","","NA"
"2017-12-24 05:00","2017","12","24","05:00","-14.2","","-15.1","","92","","","M","13","","","","","M","","","-21","","NA"
"2017-12-24 06:00","2017","12","24","06:00","-16.8","","-18.3","","89","","","M","7","","","","","M","","","-22","","NA"
"2017-12-24 07:00","2017","12","24","07:00","-17.5","","-19.1","","87","","","M","7","","","","","M","","","-23","","NA"
"2017-12-24 08:00","2017","12","24","08:00","-19.5","","-21.3","","86","","","M","12","","","","","M","","","-27","","NA"
"2017-12-24 09:00","2017","12","24","09:00","-17.7","","-19.3","","87","","","M","13","","","","","M","","","-26","","NA"
"2017-12-24 10:00","2017","12","24","10:00","-16.2","","-17.8","","87","","","M","12","","","","","M","","","-23","","NA"
"2017-12-24 11:00","2017","12","24","11:00","-14.9","","-17.1","","84","","","M","6","","","","","M","","","-19","","NA"
"2017-12-24 12:00","2017","12","24","12:00","-15.1","","-17.7","","80","","","M","12","","","","","M","","","-22","","NA"
"2017-12-24 13:00","2017","12","24","13:00","-13.2","","-16.1","","79","","","M","15","","","","","M","","","-21","","NA"
"2017-12-24 14:00","2017","12","24","14:00","-12.4","","-14.6","","84","","","M","20","","","","","M","","","-21","","NA"
"2017-12-24 15:00","2017","12","24","15:00","-12.4","","-15.5","","78","","","M","29","","","","","M","","","-23","","NA"
"2017-12-24 16:00","2017","12","24","16:00","-13.4","","-16.5","","78","","","M","21","","","","","M","","","-22","","NA"
"2017-12-24 17:00","2017","12","24","17:00","-16.5","","-18.0","","88","","","M","16","","","","","M","","","-25","","NA"
"2017-12-24 18:00","2017","12","24","18:00","-17.4","","-19.1","","87","","","M","17","","","","","M","","","-26","","NA"
"2017-12-24 19:00","2017","12","24","19:00","-17.6","","-19.6","","85","","","M","11","","","","","M","","","-25","","NA"
"2017-12-24 20:00","2017","12","24","20:00","-18.0","","-19.9","","85","","","M","8","","","","","M","","","-24","","NA"
"2017-12-24 21:00","2017","12","24","21:00","-18.5","","-20.2","","87","","","M","2","","","","","M","","","-20","","NA"
"2017-12-24 22:00","2017","12","24","22:00","-18.4","","-20.1","","86","","","M","0","","","","","M","","","","","NA"
"2017-12-24 23:00","2017","12","24","23:00","-18.8","","-20.6","","85","","","M","2","","","","","M","","","-20","","NA"
"2017-12-25 00:00","2017","12","25","00:00","-19.2","","-20.9","","86","","","M","6","","","","","M","","","-24","","NA"
"2017-12-25 01:00","2017","12","25","01:00","-19.3","","-21.0","","86","","","M","5","","","","","M","","","-23","","NA"
"2017-12-25 02:00","2017","12","25","02:00","-19.3","","-21.2","","85","","","M","4","","","","","M","","","-23","","NA"
"2017-12-25 03:00","2017","12","25","03:00","-19.5","","-21.2","","86","","","M","9","","","","","M","","","-26","","NA"
"2017-12-25 04:00","2017","12","25","04:00","-20.1","","-21.7","","87","","","M","9","","","","","M","","","-27","","NA"
"2017-12-25 05:00","2017","12","25","05:00","-20.6","","-22.3","","87","","","M","6","","","","","M","","","-26","","NA"
"2017-12-25 06:00","2017","12","25","06:00","-20.7","","-22.5","","85","","","M","4","","","","","M","","","-24","","NA"
"2017-12-25 07:00","2017","12","25","07:00","-24.8","","-26.8","","83","","","M","4","","","","","M","","","-29","","NA"
"2017-12-25 08:00","2017","12","25","08:00","-25.9","","-28.2","","81","","","M","7","","","","","M","","","-33","","NA"
"2017-12-25 09:00","2017","12","25","09:00","-25.5","","-27.9","","80","","","M","9","","","","","M","","","-33","","NA"
"2017-12-25 10:00","2017","12","25","10:00","-25.5","","-28.1","","79","","","M","7","","","","","M","","","-32","","NA"
"2017-12-25 11:00","2017","12","25","11:00","-25.2","","-28.2","","76","","","M","8","","","","","M","","","-32","","NA"
"2017-12-25 12:00","2017","12","25","12:00","-23.8","","-27.4","","72","","","M","5","","","","","M","","","-29","","NA"
"2017-12-25 13:00","2017","12","25","13:00","-23.2","","-25.4","","82","","","M","8","","","","","M","","","-30","","NA"
"2017-12-25 14:00","2017","12","25","14:00","-21.4","","-24.1","","78","","","M","4","","","","","M","","","-25","","NA"
"2017-12-25 15:00","2017","12","25","15:00","-21.4","","-23.5","","84","","","M","9","","","","","M","","","-28","","NA"
"2017-12-25 16:00","2017","12","25","16:00","-22.7","","-24.7","","84","","","M","8","","","","","M","","","-29","","NA"
"2017-12-25 17:00","2017","12","25","17:00","-26.5","","-28.4","","84","","","M","3","","","","","M","","","-30","","NA"
"2017-12-25 18:00","2017","12","25","18:00","-31.3","","-34.1","","76","","","M","4","","","","","M","","","-36","","NA"
"2017-12-25 19:00","2017","12","25","19:00","-31.3","","-34.0","","77","","","M","3","","","","","M","","","-35","","NA"
"2017-12-25 20:00","2017","12","25","20:00","-33.0","","-36.2","","73","","","M","4","","","","","M","","","-38","","NA"
"2017-12-25 21:00","2017","12","25","21:00","-33.6","","-36.9","","72","","","M","2","","","","","M","","","-36","","NA"
"2017-12-25 22:00","2017","12","25","22:00","-33.6","","-37.1","","70","","","M","3","","","","","M","","","-37","","NA"
"2017-12-25 23:00","2017","12","25","23:00","-35.6","","-39.3","","68","","","M","2","","","","","M","","","-38","","NA"
"2017-12-26 00:00","2017","12","26","00:00","-35.9","","-39.4","","69","","","M","0","","","","","M","","","","","NA"
"2017-12-26 01:00","2017","12","26","01:00","-35.8","","-39.5","","69","","","M","2","","","","","M","","","-38","","NA"
"2017-12-26 02:00","2017","12","26","02:00","-34.3","","-37.8","","71","","","M","3","","","","","M","","","-38","","NA"
"2017-12-26 03:00","2017","12","26","03:00","-36.2","","-40.0","","68","","","M","0","","","","","M","","","","","NA"
"2017-12-26 04:00","2017","12","26","04:00","-36.9","","-40.7","","68","","","M","3","","","","","M","","","-41","","NA"
"2017-12-26 05:00","2017","12","26","05:00","-38.5","","-42.5","","65","","","M","0","","","","","M","","","","","NA"
"2017-12-26 06:00","2017","12","26","06:00","-38.3","","-42.2","","67","","","M","1","","","","","M","","","-40","","NA"
"2017-12-26 07:00","2017","12","26","07:00","-37.2","","-41.0","","68","","","M","2","","","","","M","","","-40","","NA"
"2017-12-26 08:00","2017","12","26","08:00","-39.6","","-43.7","","65","","","M","0","","","","","M","","","","","NA"
"2017-12-26 09:00","2017","12","26","09:00","-39.2","","-43.3","","65","","","M","0","","","","","M","","","","","NA"
"2017-12-26 10:00","2017","12","26","10:00","-37.1","","-41.1","","67","","","M","1","","","","","M","","","-38","","NA"
"2017-12-26 11:00","2017","12","26","11:00","-33.0","","-36.4","","72","","","M","0","","","","","M","","","","","NA"
"2017-12-26 12:00","2017","12","26","12:00","-33.7","","-37.1","","71","","","M","0","","","","","M","","","","","NA"
"2017-12-26 13:00","2017","12","26","13:00","-32.6","","-35.9","","73","","","M","1","","","","","M","","","-34","","NA"
"2017-12-26 14:00","2017","12","26","14:00","-30.6","","-33.7","","74","","","M","1","","","","","M","","","-32","","NA"
"2017-12-26 15:00","2017","12","26","15:00","-27.7","","-30.9","","74","","","M","5","","","","","M","","","-33","","NA"
"2017-12-26 16:00","2017","12","26","16:00","-28.7","","-31.6","","76","","","M","0","","","","","M","","","","","NA"
"2017-12-26 17:00","2017","12","26","17:00","-32.7","","-36.0","","73","","","M","1","","","","","M","","","-34","","NA"
"2017-12-26 18:00","2017","12","26","18:00","-32.4","","-35.5","","74","","","M","2","","","","","M","","","-35","","NA"
"2017-12-26 19:00","2017","12","26","19:00","-33.3","","-36.4","","73","","","M","3","","","","","M","","","-37","","NA"
"2017-12-26 20:00","2017","12","26","20:00","-34.3","","-37.8","","71","","","M","5","","","","","M","","","-41","","NA"
"2017-12-26 21:00","2017","12","26","21:00","-33.6","","-37.0","","71","","","M","3","","","","","M","","","-37","","NA"
"2017-12-26 22:00","2017","12","26","22:00","-34.0","","-37.4","","71","","","M","6","","","","","M","","","-41","","NA"
"2017-12-26 23:00","2017","12","26","23:00","-34.3","","-37.8","","70","","","M","8","","","","","M","","","-43","","NA"
"2017-12-27 00:00","2017","12","27","00:00","-33.1","","-36.4","","72","","","M","4","","","","","M","","","-38","","NA"
"2017-12-27 01:00","2017","12","27","01:00","-32.6","","-35.9","","72","","","M","6","","","","","M","","","-40","","NA"
"2017-12-27 02:00","2017","12","27","02:00","-31.8","","-35.1","","73","","","M","10","","","","","M","","","-41","","NA"
"2017-12-27 03:00","2017","12","27","03:00","-29.7","","-32.6","","76","","","M","14","","","","","M","","","-41","","NA"
"2017-12-27 04:00","2017","12","27","04:00","-25.0","","-27.4","","81","","","M","15","","","","","M","","","-35","","NA"
"2017-12-27 05:00","2017","12","27","05:00","-25.5","","-27.8","","81","","","M","13","","","","","M","","","-35","","NA"
"2017-12-27 06:00","2017","12","27","06:00","-24.6","","-26.8","","82","","","M","12","","","","","M","","","-34","","NA"
"2017-12-27 07:00","2017","12","27","07:00","-25.7","","-28.1","","81","","","M","14","","","","","M","","","-36","","NA"
"2017-12-27 08:00","2017","12","27","08:00","-26.2","","-28.6","","80","","","M","13","","","","","M","","","-36","","NA"
"2017-12-27 09:00","2017","12","27","09:00","-23.7","","-25.6","","84","","","M","13","","","","","M","","","-33","","NA"
"2017-12-27 10:00","2017","12","27","10:00","-22.8","","-24.9","","83","","","M","12","","","","","M","","","-31","","NA"
"2017-12-27 11:00","2017","12","27","11:00","-23.3","","-25.4","","83","","","M","9","","","","","M","","","-31","","NA"
"2017-12-27 12:00","2017","12","27","12:00","-21.5","","-23.6","","84","","","M","13","","","","","M","","","-30","","NA"
"2017-12-27 13:00","2017","12","27","13:00","-20.4","","-22.4","","84","","","M","14","","","","","M","","","-29","","NA"
"2017-12-27 14:00","2017","12","27","14:00","-20.1","","-22.5","","81","","","M","16","","","","","M","","","-30","","NA"
"2017-12-27 15:00","2017","12","27","15:00","-19.8","","-22.5","","79","","","M","14","","","","","M","","","-29","","NA"
"2017-12-27 16:00","2017","12","27","16:00","-19.8","","-22.1","","82","","","M","6","","","","","M","","","-25","","NA"
"2017-12-27 17:00","2017","12","27","17:00","-20.3","","-22.3","","84","","","M","3","","","","","M","","","-23","","NA"
"2017-12-27 18:00","2017","12","27","18:00","-20.8","","-22.6","","85","","","M","6","","","","","M","","","-26","","NA"
"2017-12-27 19:00","2017","12","27","19:00","-21.0","","-22.8","","86","","","M","8","","","","","M","","","-27","","NA"
"2017-12-27 20:00","2017","12","27","20:00","-23.0","","-24.7","","86","","","M","7","","","","","M","","","-29","","NA"
"2017-12-27 21:00","2017","12","27","21:00","-25.3","","-27.4","","83","","","M","3","","","","","M","","","-28","","NA"
"2017-12-27 22:00","2017","12","27","22:00","-26.7","","-29.1","","80","","","M","4","","","","","M","","","-31","","NA"
"2017-12-27 23:00","2017","12","27","23:00","-28.1","","-30.2","","82","","","M","5","","","","","M","","","-33","","NA"
"2017-12-28 00:00","2017","12","28","00:00","-29.2","","-32.0","","77","","","M","5","","","","","M","","","-35","","NA"
"2017-12-28 01:00","2017","12","28","01:00","-30.0","","-33.0","","76","","","M","3","","","","","M","","","-33","","NA"
"2017-12-28 02:00","2017","12","28","02:00","-31.0","","-33.8","","76","","","M","6","","","","","M","","","-38","","NA"
"2017-12-28 03:00","2017","12","28","03:00","-32.9","","-36.5","","70","","","M","5","","","","","M","","","-39","","NA"
"2017-12-28 04:00","2017","12","28","04:00","-31.8","","-34.7","","76","","","M","3","","","","","M","","","-35","","NA"
"2017-12-28 05:00","2017","12","28","05:00","-32.1","","-35.1","","75","","","M","5","","","","","M","","","-38","","NA"
"2017-12-28 06:00","2017","12","28","06:00","-32.6","","-35.8","","73","","","M","6","","","","","M","","","-40","","NA"
"2017-12-28 07:00","2017","12","28","07:00","-29.7","","-32.6","","76","","","M","4","","","","","M","","","-34","","NA"
"2017-12-28 08:00","2017","12","28","08:00","-29.3","","-32.1","","77","","","M","4","","","","","M","","","-34","","NA"
"2017-12-28 09:00","2017","12","28","09:00","-28.2","","-30.8","","78","","","M","6","","","","","M","","","-34","","NA"
"2017-12-28 10:00","2017","12","28","10:00","-25.5","","-27.7","","81","","","M","8","","","","","M","","","-33","","NA"
"2017-12-28 11:00","2017","12","28","11:00","-23.4","","-25.5","","83","","","M","4","","","","","M","","","-27","","NA"
"2017-12-28 12:00","2017","12","28","12:00","-21.9","","-23.9","","84","","","M","3","","","","","M","","","-25","","NA"
"2017-12-28 13:00","2017","12","28","13:00","-20.6","","-22.5","","85","","","M","4","","","","","M","","","-24","","NA"
"2017-12-28 14:00","2017","12","28","14:00","-19.5","","-21.8","","82","","","M","6","","","","","M","","","-24","","NA"
"2017-12-28 15:00","2017","12","28","15:00","-20.1","","-22.4","","82","","","M","1","","","","","M","","","-21","","NA"
"2017-12-28 16:00","2017","12","28","16:00","-23.2","","-25.3","","83","","","M","3","","","","","M","","","-26","","NA"
"2017-12-28 17:00","2017","12","28","17:00","-21.9","","-23.9","","84","","","M","4","","","","","M","","","-26","","NA"
"2017-12-28 18:00","2017","12","28","18:00","-21.0","","-22.8","","85","","","M","0","","","","","M","","","","","NA"
"2017-12-28 19:00","2017","12","28","19:00","-20.0","","-21.7","","87","","","M","6","","","","","M","","","-25","","NA"
"2017-12-28 20:00","2017","12","28","20:00","-19.7","","-21.5","","86","","","M","12","","","","","M","","","-28","","NA"
"2017-12-28 21:00","2017","12","28","21:00","-20.2","","-22.2","","84","","","M","14","","","","","M","","","-29","","NA"
"2017-12-28 22:00","2017","12","28","22:00","-20.4","","-22.4","","84","","","M","12","","","","","M","","","-29","","NA"
"2017-12-28 23:00","2017","12","28","23:00","-20.8","","-22.8","","84","","","M","13","","","","","M","","","-29","","NA"
"2017-12-29 00:00","2017","12","29","00:00","-21.2","","-23.5","","82","","","M","11","","","","","M","","","-29","","NA"
"2017-12-29 01:00","2017","12","29","01:00","-21.5","","-23.5","","84","","","M","15","","","","","M","","","-31","","NA"
"2017-12-29 02:00","2017","12","29","02:00","-22.0","","-24.2","","82","","","M","13","","","","","M","","","-31","","NA"
"2017-12-29 03:00","2017","12","29","03:00","-27.6","","-30.2","","79","","","M","9","","","","","M","","","-36","","NA"
"2017-12-29 04:00","2017","12","29","04:00","-24.5","","-26.5","","83","","","M","10","","","","","M","","","-33","","NA"
"2017-12-29 05:00","2017","12","29","05:00","-25.8","","-28.1","","81","","","M","7","","","","","M","","","-32","","NA"
"2017-12-29 06:00","2017","12","29","06:00","-27.7","","-30.1","","80","","","M","7","","","","","M","","","-35","","NA"
"2017-12-29 07:00","2017","12","29","07:00","-26.1","","-28.3","","82","","","M","2","","","","","M","","","-28","","NA"
"2017-12-29 08:00","2017","12","29","08:00","-25.9","","-28.4","","80","","","M","5","","","","","M","","","-31","","NA"
"2017-12-29 09:00","2017","12","29","09:00","-26.3","","-28.7","","80","","","M","5","","","","","M","","","-31","","NA"
"2017-12-29 10:00","2017","12","29","10:00","-24.3","","-26.5","","82","","","M","11","","","","","M","","","-33","","NA"
"2017-12-29 11:00","2017","12","29","11:00","-23.9","","-26.3","","81","","","M","10","","","","","M","","","-32","","NA"
"2017-12-29 12:00","2017","12","29","12:00","-23.6","","-26.7","","75","","","M","9","","","","","M","","","-31","","NA"
"2017-12-29 13:00","2017","12","29","13:00","-23.9","","-26.8","","77","","","M","11","","","","","M","","","-32","","NA"
"2017-12-29 14:00","2017","12","29","14:00","-23.8","","-26.8","","77","","","M","12","","","","","M","","","-33","","NA"
"2017-12-29 15:00","2017","12","29","15:00","-24.1","","-27.0","","77","","","M","12","","","","","M","","","-33","","NA"
"2017-12-29 16:00","2017","12","29","16:00","-24.2","","-27.0","","78","","","M","13","","","","","M","","","-34","","NA"
"2017-12-29 17:00","2017","12","29","17:00","-24.5","","-27.2","","78","","","M","14","","","","","M","","","-34","","NA"
"2017-12-29 18:00","2017","12","29","18:00","-24.8","","-27.3","","79","","","M","16","","","","","M","","","-35","","NA"
"2017-12-29 19:00","2017","12","29","19:00","-25.1","","-27.5","","80","","","M","15","","","","","M","","","-35","","NA"
"2017-12-29 20:00","2017","12","29","20:00","-25.1","","-27.6","","79","","","M","20","","","","","M","","","-37","","NA"
"2017-12-29 21:00","2017","12","29","21:00","-25.5","","-28.2","","78","","","M","21","","","","","M","","","-38","","NA"
"2017-12-29 22:00","2017","12","29","22:00","-25.8","","-28.5","","78","","","M","24","","","","","M","","","-39","","NA"
"2017-12-29 23:00","2017","12","29","23:00","-26.0","","-28.6","","78","","","M","25","","","","","M","","","-39","","NA"
"2017-12-30 00:00","2017","12","30","00:00","-26.0","","-28.7","","78","","","M","23","","","","","M","","","-39","","NA"
"2017-12-30 01:00","2017","12","30","01:00","-26.4","","-29.1","","78","","","M","25","","","","","M","","","-40","","NA"
"2017-12-30 02:00","2017","12","30","02:00","-26.7","","-29.3","","78","","","M","21","","","","","M","","","-39","","NA"
"2017-12-30 03:00","2017","12","30","03:00","-26.9","","-29.6","","78","","","M","24","","","","","M","","","-40","","NA"
"2017-12-30 04:00","2017","12","30","04:00","-27.3","","-30.1","","77","","","M","25","","","","","M","","","-41","","NA"
"2017-12-30 05:00","2017","12","30","05:00","-27.7","","-30.5","","77","","","M","22","","","","","M","","","-41","","NA"
"2017-12-30 06:00","2017","12","30","06:00","-27.9","","-30.8","","76","","","M","17","","","","","M","","","-40","","NA"
"2017-12-30 07:00","2017","12","30","07:00","-28.4","","-31.4","","76","","","M","19","","","","","M","","","-41","","NA"
"2017-12-30 08:00","2017","12","30","08:00","-28.6","","-31.6","","75","","","M","19","","","","","M","","","-41","","NA"
"2017-12-30 09:00","2017","12","30","09:00","-28.5","","-31.5","","76","","","M","16","","","","","M","","","-40","","NA"
"2017-12-30 10:00","2017","12","30","10:00","-28.2","","-31.2","","75","","","M","10","","","","","M","","","-37","","NA"
"2017-12-30 11:00","2017","12","30","11:00","-27.7","","-31.1","","73","","","M","4","","","","","M","","","-32","","NA"
"2017-12-30 12:00","2017","12","30","12:00","-27.6","","-31.0","","73","","","M","3","","","","","M","","","-31","","NA"
"2017-12-30 13:00","2017","12","30","13:00","-26.3","","-29.9","","72","","","M","0","","","","","M","","","","","NA"
"2017-12-30 14:00","2017","12","30","14:00","-26.4","","-30.0","","72","","","M","1","","","","","M","","","-27","","NA"
"2017-12-30 15:00","2017","12","30","15:00","-26.8","","-30.2","","73","","","M","2","","","","","M","","","-29","","NA"
"2017-12-30 16:00","2017","12","30","16:00","-26.8","","-30.1","","73","","","M","3","","","","","M","","","-30","","NA"
"2017-12-30 17:00","2017","12","30","17:00","-26.9","","-30.1","","74","","","M","5","","","","","M","","","-32","","NA"
"2017-12-30 18:00","2017","12","30","18:00","-26.8","","-30.0","","74","","","M","8","","","","","M","","","-34","","NA"
"2017-12-30 19:00","2017","12","30","19:00","-26.6","","-29.6","","75","","","M","13","","","","","M","","","-36","","NA"
"2017-12-30 20:00","2017","12","30","20:00","-26.1","","-29.2","","75","","","M","16","","","","","M","","","-37","","NA"
"2017-12-30 21:00","2017","12","30","21:00","-26.2","","-29.0","","77","","","M","18","","","","","M","","","-38","","NA"
"2017-12-30 22:00","2017","12","30","22:00","-26.1","","-28.8","","78","","","M","18","","","","","M","","","-38","","NA"
"2017-12-30 23:00","2017","12","30","23:00","-26.2","","-28.9","","78","","","M","19","","","","","M","","","-38","","NA"
"2017-12-31 00:00","2017","12","31","00:00","-26.5","","-29.4","","77","","","M","18","","","","","M","","","-38","","NA"
"2017-12-31 01:00","2017","12","31","01:00","-29.6","","-32.4","","77","","","M","15","","","","","M","","","-41","","NA"
"2017-12-31 02:00","2017","12","31","02:00","-31.5","","-34.3","","77","","","M","17","","","","","M","","","-44","","NA"
"2017-12-31 03:00","2017","12","31","03:00","-32.8","","-35.7","","75","","","M","18","","","","","M","","","-46","","NA"
"2017-12-31 04:00","2017","12","31","04:00","-34.4","","-37.9","","71","","","M","11","","","","","M","","","-45","","NA"
"2017-12-31 05:00","2017","12","31","05:00","-34.0","","-37.3","","72","","","M","9","","","","","M","","","-43","","NA"
"2017-12-31 06:00","2017","12","31","06:00","-34.8","","-38.2","","71","","","M","10","","","","","M","","","-45","","NA"
"2017-12-31 07:00","2017","12","31","07:00","-36.1","","-39.8","","68","","","M","12","","","","","M","","","-48","","NA"
"2017-12-31 08:00","2017","12","31","08:00","-36.0","","-39.6","","69","","","M","13","","","","","M","","","-48","","NA"
"2017-12-31 09:00","2017","12","31","09:00","-35.6","","-39.3","","69","","","M","10","","","","","M","","","-46","","NA"
"2017-12-31 10:00","2017","12","31","10:00","-33.3","","-36.5","","72","","","M","6","","","","","M","","","-40","","NA"
"2017-12-31 11:00","2017","12","31","11:00","-30.3","","-33.2","","76","","","M","4","","","","","M","","","-35","","NA"
"2017-12-31 12:00","2017","12","31","12:00","-30.4","","-33.6","","74","","","M","10","","","","","M","","","-40","","NA"
"2017-12-31 13:00","2017","12","31","13:00","-31.6","","-34.8","","73","","","M","3","","","","","M","","","-35","","NA"
"2017-12-31 14:00","2017","12","31","14:00","-28.8","","-31.4","","78","","","M","6","","","","","M","","","-35","","NA"
"2017-12-31 15:00","2017","12","31","15:00","-31.8","","-35.1","","72","","","M","3","","","","","M","","","-35","","NA"
"2017-12-31 16:00","2017","12","31","16:00","-33.0","","-36.6","","70","","","M","3","","","","","M","","","-37","","NA"
"2017-12-31 17:00","2017","12","31","17:00","-36.4","","-40.1","","68","","","M","3","","","","","M","","","-40","","NA"
"2017-12-31 18:00","2017","12","31","18:00","-38.5","","-42.5","","66","","","M","2","","","","","M","","","-41","","NA"
"2017-12-31 19:00","2017","12","31","19:00","-36.2","","-39.8","","69","","","M","4","","","","","M","","","-41","","NA"
"2017-12-31 20:00","2017","12","31","20:00","-38.2","","-42.1","","66","","","M","4","","","","","M","","","-44","","NA"
"2017-12-31 21:00","2017","12","31","21:00","-38.1","","-41.9","","67","","","M","4","","","","","M","","","-43","","NA"
"2017-12-31 22:00","2017","12","31","22:00","-38.3","","-42.4","","65","","","M","4","","","","","M","","","-44","","NA"
"2017-12-31 23:00","2017","12","31","23:00","-38.6","","-42.7","","66","","","M","8","","","","","M","","","-48","","NA"
